timestamp,8953.TOK,3283.TOK,8960.TOK,8985.TOK,3281.TOK,8963.TOK,3462.TOK,3292.TOK,3309.TOK,8964.TOK,8961.TOK,3296.TOK,3473.TOK,8898.TOK
2019-02-04,222900.0,233700.0,175100.0,84000.0,117700.0,46750.0,157300.0,125900.0,78000.0,448000.0,169400.0,393000.0,84500.0,1197.0
2019-01-21,217800.0,228900.0,167300.0,78000.0,111300.0,46850.0,150900.0,127717.3906,74200.0,435500.0,168900.0,368500.0,85100.0,1178.0
2019-01-18,218100.0,229500.0,168900.0,77400.0,111500.0,46900.0,150800.0,127033.3594,73600.0,436000.0,167400.0,370500.0,85000.0,1175.0
2019-01-17,217000.0,228200.0,169000.0,77600.0,110300.0,47150.0,150600.0,126056.1797,74500.0,435500.0,165700.0,370500.0,84600.0,1167.0
2019-01-16,216100.0,230000.0,169500.0,77900.0,109600.0,47150.0,149600.0,125274.4375,73500.0,434500.0,164700.0,372500.0,84300.0,1175.0
2019-01-15,218400.0,229700.0,169000.0,76900.0,109300.0,47000.0,148400.0,123808.6719,72500.0,429000.0,162600.0,369500.0,83200.0,1188.0
2019-01-14,220900.0,235500.0,172100.0,78800.0,110600.0,47050.0,152500.0,126447.0547,73000.0,434000.0,165000.0,371500.0,82700.0,1167.0
2019-01-11,220900.0,235500.0,172100.0,78800.0,110600.0,47050.0,152500.0,126447.0547,73000.0,434000.0,165000.0,371500.0,82700.0,1167.0
2019-01-10,220300.0,233600.0,171600.0,76700.0,110200.0,46700.0,149200.0,124394.9766,71900.0,430000.0,162500.0,369000.0,81800.0,1170.0
2019-01-09,221000.0,232400.0,172300.0,76800.0,111500.0,45900.0,149400.0,124492.6953,71400.0,429500.0,162100.0,368000.0,81800.0,1157.0
2019-01-08,217200.0,231300.0,170100.0,78400.0,111400.0,45550.0,147400.0,123124.6406,70700.0,429500.0,161000.0,368000.0,81500.0,1175.0
2019-01-07,216500.0,233000.0,170400.0,77900.0,111400.0,45100.0,145500.0,123124.6406,70400.0,430500.0,160900.0,362000.0,80900.0,1175.0
2019-01-04,212700.0,229200.0,168100.0,75900.0,109800.0,44300.0,144000.0,121463.4375,69500.0,427000.0,158700.0,357000.0,80000.0,1150.0
2019-01-03,219500.0,231900.0,170200.0,78400.0,111900.0,45200.0,144400.0,123515.5156,70200.0,435000.0,159600.0,364000.0,80300.0,1163.0
2019-01-02,219500.0,231900.0,170200.0,78400.0,111900.0,45200.0,144400.0,123515.5156,70200.0,435000.0,159600.0,364000.0,80300.0,1163.0
2019-01-01,219500.0,231900.0,170200.0,78400.0,111900.0,45200.0,144400.0,123515.5156,70200.0,435000.0,159600.0,364000.0,80300.0,1163.0
2018-12-31,219500.0,231900.0,170200.0,78400.0,111900.0,45200.0,144400.0,123515.5156,70200.0,435000.0,159600.0,364000.0,80300.0,1163.0
2018-12-28,219500.0,231900.0,170200.0,78400.0,111900.0,45200.0,144400.0,123515.5156,70200.0,435000.0,159600.0,364000.0,80300.0,1163.0
2018-12-27,217800.0,231600.0,169500.0,77400.0,111100.0,45450.0,144800.0,122636.0547,69200.0,435000.0,159200.0,367500.0,79800.0,1176.0
2018-12-26,218000.0,228900.0,168100.0,78800.0,110300.0,45400.0,144600.0,122733.7734,67700.0,429000.0,159500.0,362500.0,78900.0,1118.0
2018-12-25,215800.0,224900.0,165000.0,77510.0,109100.0,44524.0,142200.0,119997.6641,67100.0,419820.0,156700.0,355127.0,78400.0,1054.0
2018-12-24,217200.0,230100.0,170600.0,77224.3359,110400.0,44958.6172,142500.0,120193.1016,68100.0,425189.7813,157600.0,357569.4063,79658.2734,1165.0
2018-12-21,217200.0,230100.0,170600.0,77224.3359,110400.0,44958.6172,142500.0,120193.1016,68100.0,425189.7813,157600.0,357569.4063,79658.2734,1165.0
2018-12-20,220900.0,233200.0,171700.0,78176.5469,112000.0,45924.4297,142900.0,121170.2813,68700.0,426166.125,159300.0,365873.625,81787.6563,1198.0
2018-12-19,223200.0,233600.0,173600.0,79509.6484,113400.0,46793.6602,144000.0,122538.3359,70200.0,432024.0625,160900.0,371735.4063,83433.0859,1215.0
2018-12-18,222800.0,235700.0,174900.0,79700.0859,113300.0,46793.6602,145200.0,124004.1016,69900.0,435929.375,162300.0,373689.3438,83917.0391,1211.0
2018-12-17,225900.0,237900.0,176200.0,80366.6328,113300.0,47469.7305,146200.0,125372.1563,70800.0,437393.8438,163700.0,371246.9375,84304.1953,1212.0
2018-12-14,224300.0,237900.0,175600.0,80366.6328,113400.0,47614.6016,147000.0,125567.5938,70800.0,437882.0313,164300.0,369781.4688,84400.9844,1200.0
2018-12-13,220600.0,236000.0,173500.0,79414.4219,112800.0,47324.8594,147000.0,124688.1328,70000.0,433000.4063,162400.0,363431.2188,84207.4063,1215.0
2018-12-12,223000.0,234900.0,174200.0,78176.5469,112400.0,45296.6523,147500.0,124688.1328,70200.0,429583.25,161300.0,360011.8125,83529.875,1212.0
2018-12-11,221900.0,236500.0,173900.0,77224.3359,111800.0,45296.6523,147600.0,123808.6719,68700.0,424701.625,160500.0,357569.4063,82755.5547,1220.0
2018-12-10,219600.0,234000.0,174700.0,77414.7813,112400.0,45103.4883,148200.0,124492.6953,68700.0,425189.7813,160800.0,358546.375,83529.875,1213.0
2018-12-07,224000.0,236600.0,177400.0,77890.8828,113800.0,45731.2656,149800.0,126837.9297,70100.0,431535.9063,163100.0,364896.6563,84110.6172,1214.0
2018-12-06,222000.0,235600.0,179000.0,77414.7813,113400.0,45538.1055,149200.0,126740.2109,70200.0,430559.5625,161500.0,364408.1563,84013.8281,1205.0
2018-12-05,224400.0,236100.0,180300.0,76938.6719,114100.0,45731.2656,149100.0,125958.4609,70500.0,430071.4063,164400.0,363919.6875,84013.8281,1218.0
2018-12-04,223700.0,235700.0,181200.0,76176.9063,113800.0,45441.5234,150300.0,125860.75,70100.0,433488.5625,164000.0,366362.0938,84207.4063,1224.0
2018-12-03,218600.0,236200.0,180700.0,75605.5781,113700.0,45538.1055,151400.0,124590.4141,70700.0,431535.9063,164200.0,362942.7188,84110.6172,1229.0
2018-11-30,217700.0,235100.0,180700.0,75224.6953,114200.0,45489.8125,151600.0,124004.1016,69900.0,431047.75,164600.0,362942.7188,84207.4063,1230.0
2018-11-29,223200.0,235000.0,178900.0,74177.2656,113000.0,45151.7773,147700.0,123026.9219,69200.0,430071.4063,164800.0,358546.375,83723.4531,1220.0
2018-11-28,227800.0,235700.0,181100.0,73986.8203,113500.0,45393.2344,150000.0,124199.5391,69100.0,431047.75,164100.0,361477.2813,83626.6641,1224.0
2018-11-27,226700.0,236571.0,178427.0,74367.7031,113900.0,44765.4531,148100.0,123613.2344,68900.0,430559.5625,164700.0,357569.4063,83723.4531,1224.0
2018-11-26,223600.0,233822.4531,178230.8125,75034.25,114400.0,44813.7461,147800.0,123613.2344,68700.0,428606.9375,162700.0,358546.375,83820.25,1221.0
2018-11-23,223100.0,231368.4063,175091.9219,75700.7969,114700.0,45248.3594,146500.0,124199.5391,68700.0,428606.9375,164000.0,356103.9688,84207.4063,1221.0
2018-11-22,223100.0,231368.4063,175091.9219,75700.7969,114700.0,45248.3594,146500.0,124199.5391,68700.0,428606.9375,164000.0,356103.9688,84207.4063,1221.0
2018-11-21,220800.0,231270.2344,174601.4531,75415.1328,115600.0,44910.3242,147000.0,123710.9531,68900.0,427142.4375,162800.0,357080.9375,83917.0391,1222.0
2018-11-20,222000.0,231564.7188,175876.6406,75700.7969,115400.0,44910.3242,147900.0,124004.1016,69200.0,426166.125,163200.0,359523.3438,83917.0391,1227.0
2018-11-19,224200.0,235589.375,176367.0938,75986.4609,114700.0,44813.7461,148500.0,123515.5156,69400.0,425677.9375,161300.0,356592.4375,84400.9844,1227.0
2018-11-16,222800.0,232055.5313,174209.0938,76272.125,113800.0,44572.293,147200.0,122147.4609,69700.0,426654.2813,162200.0,358057.9063,84788.1484,1238.0
2018-11-15,220900.0,238239.75,174699.5469,76557.7891,116300.0,44717.1641,147900.0,122831.4922,70000.0,428118.75,162000.0,360011.8125,85078.5156,1229.0
2018-11-14,216700.0,235294.8906,173620.5469,76462.5703,114900.0,44524.0,147100.0,121952.0234,70300.0,429583.25,162600.0,360988.7813,85368.8906,1228.0
2018-11-13,215400.0,233626.125,174111.0,76367.3516,112800.0,44524.0,147500.0,122636.0547,70100.0,427630.5938,160900.0,359523.3438,85272.1016,1240.0
2018-11-12,214600.0,234804.0781,174012.9219,76557.7891,112600.0,44813.7461,146700.0,123515.5156,70800.0,431535.9063,162500.0,360500.3125,85562.4688,1242.0
2018-11-09,211200.0,230386.7813,171658.7344,76653.0078,112000.0,44524.0,145500.0,121463.4375,69800.0,426166.125,159400.0,357569.4063,85272.1016,1234.0
2018-11-08,211900.0,231073.9063,173522.4688,77033.8984,114000.0,44668.8711,146700.0,123320.0781,71000.0,432512.2188,161600.0,360500.3125,85659.2578,1248.0
2018-11-07,212400.0,229405.1563,171756.8281,76748.2344,114500.0,44330.8359,147500.0,123026.9219,71300.0,432024.0625,161500.0,362454.25,85272.1016,1225.0
2018-11-06,211700.0,227441.9063,171364.4688,76557.7891,113300.0,44717.1641,147300.0,122440.6172,70600.0,428118.75,160800.0,360988.7813,85562.4688,1225.0
2018-11-05,210000.0,227441.9063,169598.8281,76462.5703,113500.0,44862.0352,147100.0,121658.875,70700.0,431535.9063,162100.0,360500.3125,85465.6797,1225.0
2018-11-02,207900.0,223711.75,168814.1094,76938.6719,112400.0,45200.0703,147100.0,121658.875,71200.0,429583.25,159400.0,361477.2813,85368.8906,1232.0
2018-11-01,209500.0,222926.4531,169304.5625,76653.0078,112400.0,45151.7773,146800.0,121952.0234,71600.0,425189.7813,160000.0,358546.375,85465.6797,1248.0
2018-10-31,208400.0,223417.25,168617.9219,76462.5703,111700.0,45103.4883,146300.0,121658.875,70500.0,422260.8125,160000.0,358546.375,85078.5156,1233.0
2018-10-30,212400.0,224497.0469,169108.375,76557.7891,111900.0,45055.1992,147200.0,121561.1563,70700.0,426166.125,161100.0,357080.9375,85078.5156,1234.0
2018-10-29,211600.0,227736.3906,167637.0156,75796.0234,112800.0,45103.4883,146200.0,122440.6172,70800.0,426166.125,161500.0,358546.375,85272.1016,1235.0
2018-10-26,207100.0,225478.6719,167637.0156,75700.7969,113000.0,44910.3242,146700.0,121756.5938,70946.0,423237.125,161000.0,356592.4375,85368.8906,1230.0
2018-10-25,206100.0,224889.6875,167931.2969,76367.3516,112400.0,44717.1641,147300.0,122538.3359,70946.0,423237.125,160600.0,354150.0313,85368.8906,1240.0
2018-10-24,206600.0,227049.2656,168814.1094,76843.4531,112500.0,45200.0703,148900.0,123124.6406,71630.9922,424701.625,161300.0,358057.9063,86143.2109,1255.0
2018-10-23,206700.0,227441.9063,169795.0156,77510.0,111900.0,45200.0703,149100.0,122636.0547,71826.7109,422260.8125,160700.0,354638.5,86046.4219,1259.0
2018-10-22,208200.0,228030.8906,171364.4688,77890.8828,112600.0,45103.4883,150300.0,122733.7734,71533.1406,427142.4375,161500.0,358057.9063,86143.2109,1251.0
2018-10-19,208400.0,228227.2031,170187.375,77605.2188,112000.0,45006.9063,149300.0,122147.4609,71533.1406,426654.2813,162000.0,359523.3438,86143.2109,1251.0
2018-10-18,210000.0,226951.0938,171168.2813,78176.5469,111800.0,45151.7773,151200.0,122440.6172,71630.9922,427630.5938,162300.0,361477.2813,86240.0,1251.0
2018-10-17,207200.0,226951.0938,171756.8281,77700.4453,112400.0,45296.6523,152400.0,121854.3125,72315.9922,427630.5938,162200.0,360500.3125,86530.3672,1267.0
2018-10-16,204300.0,223024.6094,171070.1875,76843.4531,111700.0,44958.6172,150900.0,120486.2578,71630.9922,423725.3125,161400.0,360500.3125,86433.5781,1241.0
2018-10-15,203800.0,219588.9375,170089.2813,76367.3516,110500.0,44862.0352,149000.0,118727.3359,70554.5703,420308.1563,160500.0,351707.625,86240.0,1243.0
2018-10-12,203600.0,219785.25,170874.0156,77510.0,110500.0,45248.3594,150000.0,118531.8984,70750.2891,425677.9375,159900.0,356103.9688,86433.5781,1249.0
2018-10-11,206100.0,220374.2344,171266.375,77890.8828,111300.0,45344.9414,151900.0,121170.2813,71337.4297,431047.75,161200.0,357569.4063,86530.3672,1249.0
2018-10-10,205000.0,220570.5469,172737.7344,78176.5469,111700.0,45538.1055,151200.0,119411.3594,70554.5703,428118.75,161900.0,358057.9063,87111.1094,1262.0
2018-10-09,207600.0,218803.625,173620.5469,77414.7813,111500.0,45731.2656,152100.0,119704.5156,70456.7188,429095.0938,162400.0,360011.8125,87014.3203,1250.0
2018-10-08,201600.0,216938.5469,171953.0156,76748.2344,110500.0,45489.8125,151000.0,117554.7188,70163.1484,426654.2813,161000.0,351219.125,86820.7422,1244.0
2018-10-05,201600.0,216938.5469,171953.0156,76748.2344,110500.0,45489.8125,151000.0,117554.7188,70163.1484,426654.2813,161000.0,351219.125,86820.7422,1244.0
2018-10-04,203800.0,219687.0938,172345.375,77033.8984,111000.0,45682.9766,152100.0,118238.7422,70946.0,429095.0938,162400.0,353661.5625,86917.5313,1255.0
2018-10-03,206900.0,220472.3906,172835.8281,77605.2188,111400.0,45634.6875,152600.0,117945.5938,70946.0,429095.0938,162200.0,354638.5,87014.3203,1255.0
2018-10-02,206200.0,221355.8438,172345.375,77986.1094,112200.0,45924.4297,153600.0,119899.9531,70261.0078,431047.75,162000.0,355127.0,87014.3203,1253.0
2018-10-01,206800.0,221159.5313,173718.6406,77605.2188,110800.0,45827.8477,153700.0,118825.0547,70065.2891,429095.0938,161600.0,358057.9063,86820.7422,1265.0
2018-09-28,206100.0,220766.875,174895.7344,78747.875,110500.0,45876.1406,155200.0,119313.6406,70358.8594,432024.0625,162000.0,359034.875,86723.9531,1260.0
2018-09-27,206500.0,220766.875,172737.7344,78462.2109,111700.0,46407.3359,153600.0,119509.0781,70163.1484,433000.4063,162500.0,360988.7813,86917.5313,1248.0
2018-09-26,206800.0,218705.4688,171364.4688,78366.9922,112100.0,45972.7188,154000.0,118043.3047,70163.1484,433488.5625,161500.0,361965.75,87111.1094,1263.0
2018-09-25,204900.0,218018.3281,171658.7344,77890.8828,111500.0,45006.9063,152800.0,117945.5938,69869.5781,433488.5625,161350.0,352684.5938,87014.3203,1268.0
2018-09-24,204200.0,216153.25,169696.9219,77319.5625,111500.0,44862.0352,152300.0,117359.2813,69184.5781,428606.9375,160665.4844,361965.75,87111.1094,1257.2128
2018-09-21,204200.0,216153.25,169696.9219,77319.5625,111500.0,44862.0352,152300.0,117359.2813,69184.5781,428606.9375,160665.4844,361965.75,87111.1094,1257.2128
2018-09-20,205200.0,215171.625,171953.0156,78081.3281,111200.0,44862.0352,153100.0,117457.0,69576.0078,429095.0938,159589.8281,361965.75,86627.1563,1245.4447
2018-09-19,205700.0,217134.875,173228.1875,79128.7578,110200.0,44910.3242,153900.0,118531.8984,69869.5781,428606.9375,159394.25,360988.7813,86627.1563,1255.2513
2018-09-18,206300.0,213012.0625,172737.7344,79795.3125,109900.0,44910.3242,153000.0,118336.4609,70065.2891,427630.5938,158123.0,359034.875,86627.1563,1243.4834
2018-09-17,204900.0,213306.5469,171854.9219,78462.2109,109900.0,45151.7773,152300.0,116577.5391,70261.0078,428606.9375,158611.9375,361965.75,86627.1563,1241.5221
2018-09-14,204900.0,213306.5469,171854.9219,78462.2109,109900.0,45151.7773,152300.0,116577.5391,70261.0078,428606.9375,158611.9375,361965.75,86627.1563,1241.5221
2018-09-13,204600.0,208987.4063,172247.2813,77510.0,109200.0,45055.1992,153100.0,115991.2344,70456.7188,430071.4063,158514.1563,362942.7188,86723.9531,1241.5221
2018-09-12,204100.0,208791.0781,172835.8281,77890.8828,108900.0,45344.9414,153100.0,116577.5391,70848.1406,431535.9063,159492.0313,363431.2188,86820.7422,1241.5221
2018-09-11,203700.0,208103.9531,172541.5625,77986.1094,108500.0,45393.2344,152200.0,115893.5156,70456.7188,433488.5625,158905.3125,359034.875,87207.8984,1224.8507
2018-09-10,202500.0,208496.5938,171364.4688,78081.3281,108000.0,45151.7773,152300.0,114134.5859,69771.7188,432512.2188,158025.2188,359034.875,87304.6875,1240.5414
2018-09-07,203200.0,209281.8906,171658.7344,78557.4375,108200.0,45538.1055,153700.0,115991.2344,70456.7188,434953.0313,159003.0938,351219.125,87498.2734,1240.5414
2018-09-06,203400.0,210165.3594,171756.8281,79223.9844,108000.0,45682.9766,152300.0,116088.9453,71435.2813,437882.0313,159883.1875,352684.5938,87885.4297,1247.4061
2018-09-05,202800.0,212619.4063,170775.9219,80080.9688,107100.0,45682.9766,152600.0,115991.2344,70554.5703,435929.375,159296.4531,349265.2188,87788.6406,1234.6575
2018-09-04,202600.0,213502.875,171462.5625,80271.4141,108000.0,46214.1758,153700.0,116088.9453,70065.2891,434953.0313,158807.5156,348776.7188,87885.4297,1234.6575
2018-09-03,202100.0,214190.0,170481.6563,80176.1953,111200.0,46407.3359,154300.0,115795.7969,69771.7188,434464.875,158514.1563,346334.3125,87885.4297,1230.7347
2018-08-31,201000.0,212521.25,171953.0156,80176.1953,111300.0,46503.918,154800.0,116772.9766,70554.5703,436905.6875,158709.7344,347799.75,88272.5938,1229.7541
2018-08-30,202300.0,213699.2031,171560.6563,80366.6328,111300.0,46359.0469,155100.0,117066.125,70652.4297,437882.0313,159785.3906,347799.75,88079.0156,1219.9474
2018-08-29,201900.0,213601.0313,173032.0156,80461.8594,111400.0,46021.0117,155600.0,117554.7188,70456.7188,439834.6563,159883.1875,350242.1563,88079.0156,1221.9088
2018-08-28,199770.0,211245.1406,169795.0156,80366.6328,111166.0,45731.2656,156116.0,117554.7188,70848.1406,436417.5313,158611.9375,349265.2188,85562.4688,1234.6575
2018-08-27,199965.6563,211146.9844,169402.6563,79319.2031,110872.9453,45296.6523,154547.0,117261.5625,70261.0078,433488.5625,157927.4219,348776.7188,85468.5547,1230.7347
2018-08-24,200063.4844,213012.0625,169696.9219,79700.0859,111947.4844,45200.0703,155233.4375,116968.4141,70358.8594,435929.375,158318.5781,346822.7813,86219.9219,1229.7541
2018-08-23,199867.8281,212913.8906,169598.8281,79319.2031,111654.4297,45731.2656,154547.0,115502.6406,69673.8672,433000.4063,157731.8594,341937.9688,85938.1563,1220.9281
2018-08-22,200259.1563,214680.8125,169696.9219,80461.8594,111361.375,45731.2656,154252.8125,116088.9453,69869.5781,440322.8438,158514.1563,346334.3125,85750.3125,1220.9281
2018-08-21,201530.9531,213601.0313,168814.1094,79414.4219,109309.9766,46359.0469,152291.5469,116382.1016,70065.2891,438858.3438,158905.3125,344868.8438,85562.4688,1220.9281
2018-08-20,202411.4219,213895.5156,169795.0156,79604.8672,108528.4922,46600.5,153272.1719,117066.125,69673.8672,438370.1875,158416.3594,343891.9063,85092.8594,1220.9281
2018-08-17,201139.625,214680.8125,168912.2031,78747.875,109505.3516,46648.7891,150918.6719,116577.5391,69282.4375,438370.1875,157927.4219,337541.625,85186.7813,1226.8121
2018-08-16,202117.9375,217527.5156,169598.8281,78747.875,110872.9453,46648.7891,152389.6094,117457.0,69478.1484,445692.625,158709.7344,338518.5938,85374.625,1235.6381
2018-08-15,199965.6563,216644.0625,169108.375,78652.6563,110189.1484,46600.5,152389.6094,117261.5625,69478.1484,440322.8438,157340.7031,337541.625,85468.5547,1234.6575
2018-08-14,197226.4063,216644.0625,166950.3906,77605.2188,110384.5156,46503.918,150624.4844,117163.8438,69282.4375,436905.6875,156558.3906,336564.6563,85562.4688,1234.6575
2018-08-13,194780.6406,215956.9219,166558.0156,77510.0,114975.7344,46359.0469,150428.3594,116968.4141,68891.0156,432512.2188,155971.6719,336076.1563,85280.7031,1235.6381
2018-08-10,197226.4063,217429.3594,168421.75,78557.4375,115464.1563,46214.1758,151899.2969,116968.4141,69380.2969,431535.9063,156949.5469,335587.6875,85750.3125,1240.5414
2018-08-09,198106.875,217625.6875,169108.375,78652.6563,115561.8438,45827.8477,151801.2344,117163.8438,70163.1484,434953.0313,156851.7656,336564.6563,85844.2344,1235.6381
2018-08-08,198009.0469,219196.2813,168617.9219,78747.875,115952.5859,46165.8828,152879.9219,117359.2813,69967.4375,436417.5313,158318.5781,338030.0938,86032.0703,1226.8121
2018-08-07,199770.0,218803.625,168716.0156,78271.7734,116050.2734,45972.7188,154154.75,117750.1563,69869.5781,438858.3438,158220.7969,334610.7188,86125.9922,1215.0441
2018-08-06,200259.1563,220963.2031,168912.2031,78652.6563,116245.6406,46069.3008,154743.125,118238.7422,70065.2891,438858.3438,158416.3594,337541.625,85656.3906,1212.1022
2018-08-03,200943.9688,223319.0938,169696.9219,78462.2109,116929.4375,46359.0469,155527.625,117945.5938,70163.1484,440322.8438,158709.7344,339007.0625,86125.9922,1207.1989
2018-08-02,200454.8125,224104.3906,169108.375,78652.6563,116929.4375,46938.5352,154056.6719,118043.3047,70163.1484,438370.1875,158123.0,337053.125,85562.4688,1204.2568
2018-08-01,199574.3438,223417.25,167440.8438,78271.7734,117222.5,47469.7305,152781.8594,116772.9766,70358.8594,436905.6875,157829.6406,334610.7188,85656.3906,1201.3148
2018-07-31,199476.5,221944.8281,170089.2813,77986.1094,116636.3828,47662.8945,155331.5,116772.9766,70652.4297,439346.5,158514.1563,338518.5938,85750.3125,1217.9861
2018-07-30,196835.0781,220276.0625,166754.2031,76938.6719,117710.9219,48290.6719,151507.0469,118629.6172,70554.5703,434953.0313,156069.4531,336076.1563,85468.5547,1252.3094
2018-07-27,199183.0156,221748.5,169598.8281,77795.6641,115659.5313,47179.9883,155527.625,118043.3047,70456.7188,438858.3438,157242.9063,330214.375,87065.2109,1233.6768
2018-07-26,197226.4063,220865.0469,168029.3906,77129.1172,115464.1563,46069.3008,154645.0625,117304.5547,70065.2891,438858.3438,157242.9063,327771.9688,86689.5234,1244.4641
2018-07-25,197226.4063,221355.8438,169108.375,77224.3359,114975.7344,45344.9414,155429.5625,117304.5547,70456.7188,437882.0313,157242.9063,328260.4375,86595.6016,1240.5414
2018-07-24,196052.4375,221454.0156,168912.2031,78271.7734,114780.3594,45151.7773,153174.1094,117304.5547,70163.1484,439834.6563,157536.2813,327283.4688,86689.5234,1235.6381
2018-07-23,196150.2656,222828.2813,169991.2031,78366.9922,113803.5078,45296.6523,154252.8125,117686.0391,70163.1484,440811.0,157340.7031,327771.9688,86877.375,1225.8314
2018-07-20,198889.5313,228227.2031,174111.0,78843.0938,114975.7344,46117.5938,154743.125,119593.4297,70554.5703,445692.625,159785.3906,330702.8438,86595.6016,1230.7347
2018-07-19,197813.3906,225576.8281,171756.8281,79414.4219,114584.9922,45972.7188,154448.9375,119784.1719,70261.0078,443739.9688,158905.3125,329725.9063,86595.6016,1225.8314
2018-07-18,200454.8125,226067.6406,174012.9219,80652.2969,115366.4766,46165.8828,154547.0,120261.0156,70358.8594,443739.9688,158807.5156,329237.4063,86971.2969,1220.9281
2018-07-17,198596.0313,224497.0469,172639.6406,79414.4219,116147.9609,48194.0898,154252.8125,120356.3828,70848.1406,443739.9688,158318.5781,326306.5,86689.5234,1220.9281
2018-07-16,197617.7344,223417.25,170775.9219,78271.7734,113803.5078,48387.2539,153272.1719,120451.7578,70750.2891,439834.6563,156949.5469,326795.0,86595.6016,1227.7927
2018-07-13,197617.7344,223417.25,170775.9219,78271.7734,113803.5078,48387.2539,153272.1719,120451.7578,70750.2891,439834.6563,156949.5469,326795.0,86595.6016,1227.7927
2018-07-12,196835.0781,223711.75,171364.4688,78557.4375,113217.3984,48773.5781,153860.5469,121214.7109,71141.7109,437882.0313,157242.9063,324352.5938,86689.5234,1224.8507
2018-07-11,195661.1094,222828.2813,170677.8281,78557.4375,112924.3359,48966.7422,153076.0469,121405.4531,71043.8594,440322.8438,157536.2813,324841.0625,86877.375,1216.0248
2018-07-10,195856.7813,223908.0625,170089.2813,78938.3203,113022.0234,48966.7422,153174.1094,121310.0781,71043.8594,439346.5,157634.0625,326795.0,86407.7656,1232.696
2018-07-09,197519.8906,224693.3594,171658.7344,79795.3125,113608.1406,48966.7422,154252.8125,123885.0547,71141.7109,440322.8438,157829.6406,321910.1563,86313.8438,1264.0774
2018-07-06,196932.9063,224791.5313,172345.375,79223.9844,112533.5938,48483.8359,153958.6094,121691.5625,71239.5703,439346.5,157047.3438,321421.6875,86407.7656,1225.8314
2018-07-05,197324.2344,226165.7969,172149.1875,79604.8672,112728.9688,48580.418,153468.2969,121882.3047,71337.4297,438370.1875,155189.3594,320933.1875,86219.9219,1220.9281
2018-07-04,195856.7813,226067.6406,171168.2813,79795.3125,112826.6563,48580.418,152193.4844,121405.4531,71826.7109,433976.7188,154993.7969,322398.6563,86595.6016,1225.8314
2018-07-03,195856.7813,224595.2031,171070.1875,79890.5313,113217.3984,48677.0,153468.2969,120928.6094,72315.9922,436905.6875,155580.5156,319956.25,86125.9922,1235.6381
2018-07-02,194291.4844,225184.1719,169696.9219,79319.2031,113998.875,48242.3828,152781.8594,121405.4531,71533.1406,437393.8438,155189.3594,318002.3125,85750.3125,1260.1547
2018-06-29,195269.7969,225576.8281,168617.9219,79033.5391,114878.0469,48194.0898,153272.1719,121786.9297,71043.8594,434464.875,155189.3594,314094.4375,85656.3906,1262.1161
2018-06-28,197128.5781,223809.9063,170187.375,78557.4375,114194.25,47614.6016,152977.9844,119688.7969,71728.8516,432512.2188,155971.6719,311163.5313,85750.3125,1250.348
2018-06-27,198204.7031,227049.2656,170775.9219,79128.7578,114096.5625,47469.7305,154252.8125,120070.2734,72022.4219,432512.2188,156851.7656,311163.5313,86032.0703,1250.348
2018-06-26,199965.6563,228129.0469,171462.5625,80937.9609,116245.6406,47585.6289,155037.3125,119498.0625,72315.9922,434763.6563,158416.3594,315559.9063,85986.9922,1245.4447
2018-06-25,195661.1094,224104.3906,168323.6563,79414.4219,113803.5078,47304.0586,151899.2969,117209.1875,70946.0,429036.7813,155287.1563,312228.1875,85158.4297,1243.4834
2018-06-22,198889.5313,224595.2031,169304.5625,79795.3125,114096.5625,47491.7734,153664.4219,117590.6641,71141.7109,431422.9688,155384.9375,306992.6563,84790.1719,1236.6188
2018-06-21,197128.5781,224791.5313,168716.0156,78271.7734,113998.875,47491.7734,153370.2344,116732.3438,70554.5703,425696.125,155091.5781,306516.6875,84790.1719,1247.4061
2018-06-20,195661.1094,223417.25,168912.2031,77605.2188,114096.5625,47304.0586,151605.1094,116350.8594,70456.7188,425696.125,154993.7969,307944.5625,84421.9141,1244.4641
2018-06-19,195661.1094,225184.1719,168323.6563,77605.2188,114682.6797,47304.0586,152781.8594,117399.9297,69967.4375,427605.0625,155580.5156,311752.2188,84513.9844,1254.2708
2018-06-18,195367.625,226852.9375,169010.2969,78176.5469,116245.6406,47491.7734,153370.2344,117304.5547,70750.2891,429514.0,155482.7344,310800.3125,84698.1094,1260.1547
2018-06-15,196345.9219,225380.5,169206.4688,77129.1172,116538.7031,47679.4883,154154.75,117018.4531,67227.4531,430468.5,156460.6094,311276.25,84790.1719,1271.9227
2018-06-14,195074.125,225871.3125,168225.5625,77700.4453,118297.0391,47961.0547,151310.9219,117972.1484,68597.4453,431422.9688,155482.7344,307468.5938,85250.4922,1270.942
2018-06-13,196443.7656,226362.125,167440.8438,77605.2188,118297.0391,47585.6289,150624.4844,117781.4063,68793.1563,431422.9688,155971.6719,306992.6563,84974.2969,1274.8647
2018-06-12,197422.0625,225871.3125,167637.0156,77414.7813,118687.7813,47867.1992,150820.6094,117495.2969,69184.5781,428559.5313,155580.5156,306992.6563,84698.1094,1270.942
2018-06-11,196443.7656,226754.7813,167637.0156,77414.7813,118101.6641,47304.0586,150820.6094,117304.5547,68891.0156,428559.5313,155482.7344,305564.7813,85158.4297,1270.942
2018-06-08,193802.3281,226852.9375,167637.0156,78081.3281,117906.2969,46740.9102,151016.7344,116636.9688,69282.4375,428082.3125,155384.9375,312704.1563,85250.4922,1276.826
2018-06-07,195074.125,226460.2813,167538.9375,78557.4375,118785.4609,47022.4844,150820.6094,116827.7109,69380.2969,429514.0,155971.6719,313180.0938,85526.6797,1280.7487
2018-06-06,194487.1563,224595.2031,166950.3906,78176.5469,118297.0391,47210.1992,150134.1719,117018.4531,69576.0078,431422.9688,156656.1875,312704.1563,85066.3594,1279.7681
2018-06-05,195661.1094,223908.0625,165577.1094,77986.1094,118687.7813,47397.9141,149643.8594,117113.8125,70163.1484,431422.9688,157145.125,314608.0,84606.0469,1278.7874
2018-06-04,194584.9844,222337.4688,164301.9375,77510.0,117613.2422,47304.0586,151016.7344,117018.4531,69380.2969,429514.0,156851.7656,314132.0313,84790.1719,1292.5167
2018-06-01,193117.5156,221061.3594,162928.6719,77414.7813,116831.7578,46928.625,149839.9844,116446.2344,68597.4453,427605.0625,156265.0313,310800.3125,84053.6641,1309.188
2018-05-31,193117.5156,222828.2813,163615.2969,77319.5625,118785.4609,46928.625,149447.7344,117304.5547,69869.5781,428559.5313,158123.0,315083.9375,84329.8516,1306.246
2018-05-30,195465.4531,226951.0938,165184.75,77510.0,119664.6328,46600.125,150820.6094,116732.3438,69967.4375,431900.1875,158611.9375,315083.9375,84053.6641,1306.246
2018-05-29,192921.8594,225674.9844,164792.3906,77319.5625,119762.3203,47022.4844,149938.0469,115969.3906,69576.0078,431422.9688,158318.5781,315083.9375,83961.6016,1314.0913
2018-05-28,192921.8594,224425.375,164861.0469,77605.2188,119078.5234,47304.0586,149055.4688,115587.9063,69478.1484,429036.7813,157438.4844,313180.0938,83961.6016,1314.0913
2018-05-25,193508.8438,224521.7031,165821.7813,78081.3281,119664.6328,47304.0586,149741.9219,115397.1641,69282.4375,428559.5313,157438.4844,311752.2188,83777.4844,1312.13
2018-05-24,196052.4375,225003.2969,165917.8594,78271.7734,119176.2031,47022.4844,150134.1719,115015.6953,69282.4375,429514.0,156851.7656,312704.1563,84329.8516,1316.0526
2018-05-23,197324.2344,225003.2969,166110.0,78366.9922,118590.0938,47773.3438,151114.7969,115206.4219,69184.5781,429514.0,156362.8281,310800.3125,84698.1094,1315.072
2018-05-22,198791.6875,224521.7031,166686.4219,78366.9922,117906.2969,47679.4883,152487.6719,115778.6484,69673.8672,431900.1875,156949.5469,308420.5313,84974.2969,1315.072
2018-05-21,199476.5,223365.8594,166398.2188,78176.5469,118394.7188,47773.3438,152193.4844,116064.7578,69380.2969,432854.6875,157047.3438,310800.3125,85158.4297,1323.8979
2018-05-18,197715.5625,221439.4531,166206.0781,78938.3203,118199.3516,47679.4883,152291.5469,114252.7266,68988.8672,432377.4375,158318.5781,309848.4063,84882.2344,1321.9366
2018-05-17,198204.7031,220187.2969,165533.5625,77700.4453,117710.9219,47210.1992,151114.7969,113203.6719,68891.0156,431422.9688,158220.7969,308896.5,85066.3594,1322.9172
2018-05-16,194682.8125,219705.7031,163419.9688,76557.7891,115952.5859,46928.625,148761.2813,111868.4922,68303.875,426173.3438,157242.9063,305564.7813,85066.3594,1319.9753
2018-05-15,197128.5781,220379.9375,164572.8281,76367.3516,115952.5859,46928.625,150526.4219,112249.9766,68401.7266,428559.5313,157829.6406,307944.5625,85618.7422,1319.9753
2018-05-14,198596.0313,221728.4219,165629.6406,77224.3359,117027.125,47022.4844,152193.4844,112536.0781,69086.7266,431422.9688,157829.6406,311752.2188,85802.8672,1323.8979
2018-05-11,199867.8281,222402.6563,167070.7344,77795.6641,115854.8984,46928.625,152487.6719,111963.8672,68401.7266,431900.1875,158123.0,313180.0938,85802.8672,1329.782
2018-05-10,201335.2813,222595.2969,165821.7813,77414.7813,115561.8438,46928.625,151507.0469,111296.2813,68010.3047,431900.1875,158318.5781,316035.8438,86263.1875,1325.8593
2018-05-09,198889.5313,223173.2188,165437.4844,76272.125,113901.1953,46787.8398,149643.8594,110628.6875,66738.1719,429991.25,156949.5469,312704.1563,85710.8047,1342.5306
2018-05-08,201041.7969,226929.7031,166110.0,77319.5625,116734.0703,47022.4844,152487.6719,110628.6875,67912.4453,433331.9063,158807.5156,313180.0938,85986.9922,1341.5499
2018-05-07,200552.6406,224618.0156,164188.5313,77319.5625,116441.0156,46365.4805,151408.9844,109770.3594,68597.4453,429036.7813,158807.5156,313656.0625,86171.1172,1338.6079
2018-05-04,201237.4531,222884.2656,162651.375,76462.5703,115171.1016,45661.5547,149349.6719,109007.4063,69086.7266,428559.5313,157731.8594,312704.1563,85710.8047,1341.5499
2018-05-03,201237.4531,222884.2656,162651.375,76462.5703,115171.1016,45661.5547,149349.6719,109007.4063,69086.7266,428559.5313,157731.8594,312704.1563,85710.8047,1341.5499
2018-05-02,201237.4531,222884.2656,162651.375,76462.5703,115171.1016,45661.5547,149349.6719,109007.4063,69086.7266,428559.5313,157731.8594,312704.1563,85710.8047,1341.5499
2018-05-01,200748.2969,223076.9063,162363.1563,77319.5625,115464.1563,45802.3398,149938.0469,108816.6641,69380.2969,429991.25,159394.25,314132.0313,86171.1172,1333.7046
2018-04-30,200552.6406,221824.75,161210.2813,78843.0938,114780.3594,45896.1992,149741.9219,108244.4531,68988.8672,430468.5,159687.6094,316511.8125,86263.1875,1324.8787
2018-04-27,200552.6406,221824.75,161210.2813,78843.0938,114780.3594,45896.1992,149741.9219,108244.4531,68988.8672,430468.5,159687.6094,316511.8125,86263.1875,1324.8787
2018-04-26,200552.6406,222884.2656,161882.7969,77319.5625,114291.9375,45708.4844,148859.3438,108244.4531,68793.1563,424741.625,159492.0313,311752.2188,86263.1875,1339.5886
2018-04-25,200650.4688,222017.3906,162171.0,76557.7891,113705.8203,45520.7695,149741.9219,108625.9297,68206.0156,425218.875,158807.5156,312704.1563,86171.1172,1318.9946
2018-04-24,201237.4531,223076.9063,161690.6406,75796.0234,113412.7656,45990.0547,148663.2188,108721.2969,68201.125,425218.875,158318.5781,311276.25,85986.9922,1331.7433
2018-04-23,200454.8125,223462.1719,161018.1406,75415.1328,113315.0781,45708.4844,147976.7813,107958.3438,67023.6172,422832.6875,157634.0625,307944.5625,86171.1172,1331.7433
2018-04-20,200943.9688,222980.5781,159384.8906,74082.0391,113510.4531,45333.0547,148663.2188,107672.2344,67117.8203,424741.625,156656.1875,304612.875,85894.9297,1331.7433
2018-04-19,201530.9531,221632.1094,158232.0156,73510.7109,114291.9375,45426.9102,146603.9063,108244.4531,67494.625,424264.4063,157145.125,306516.6875,86447.3047,1333.7046
2018-04-18,204074.5469,222595.2969,159288.8281,72939.3906,112924.3359,45661.5547,147388.4063,108149.0859,67588.8281,423309.9375,155971.6719,305564.7813,86539.375,1333.7046
2018-04-17,203683.2188,220187.2969,157175.2188,73129.8281,110286.8359,48430.3438,145329.0938,107672.2344,66835.2188,421400.9688,154993.7969,303660.9375,86079.0547,1323.8979
2018-04-16,203585.3906,218742.5156,156887.0,72653.7266,110677.5781,49275.0586,145231.0313,108244.4531,66505.5156,417105.8438,153722.5469,301757.0938,86263.1875,1323.8979
2018-04-13,204759.3594,220187.2969,158328.0938,72558.5,111556.7422,48993.4883,146113.5938,108625.9297,67353.3203,421878.2188,154700.4219,306040.75,86723.5,1331.7433
2018-04-12,206911.625,221632.1094,159096.6719,72558.5,112728.9688,49368.918,147878.7188,109674.9922,67965.625,423787.1563,154602.6406,308420.5313,86999.6875,1327.8206
2018-04-11,206422.4844,221343.1406,158616.3125,71987.1797,111263.6875,47961.0547,146800.0313,108625.9297,67635.9219,421878.2188,153820.3438,302233.0625,86723.5,1312.13
2018-04-10,208966.0781,223269.5469,159577.0469,72368.0625,112533.5938,48899.6289,148369.0313,109484.25,68012.7266,421878.2188,154896.0,305088.8438,86907.625,1328.8013
2018-04-09,204368.0313,221632.1094,158424.1719,71891.9531,112924.3359,48242.6289,147388.4063,110724.0547,67871.4219,418537.5313,153624.7656,302709.0313,86079.0547,1327.8206
2018-04-06,202411.4219,218838.8281,159288.8281,71701.5156,112045.1719,47397.9141,145623.2813,109865.7344,67306.2188,413765.1563,154309.2813,302709.0313,85618.7422,1328.8013
2018-04-05,205052.8438,218838.8281,160441.7031,71796.7344,113022.0234,47961.0547,146309.7188,110056.4766,67541.7266,416151.3438,155091.5781,306992.6563,85986.9922,1335.6659
2018-04-04,203487.5625,218357.2344,160729.9219,71987.1797,112240.5391,47116.3438,145819.4063,108530.5547,67117.8203,417105.8438,152451.3125,304612.875,85802.8672,1335.6659
2018-04-03,203291.9063,219609.3906,159673.1094,71891.9531,112533.5938,46553.1953,145329.0938,109579.625,67683.0156,414242.4063,151473.4219,309848.4063,86815.5547,1325.8593
2018-04-02,201824.4375,220572.5938,159961.3281,71701.5156,112533.5938,46224.6953,145231.0313,108435.1953,67070.7188,415196.875,152353.5156,309372.4375,86171.1172,1323.8979
2018-03-30,199770.0,220572.5938,160249.5469,72082.3984,113022.0234,46036.9805,143956.2031,107100.0156,68059.8281,413765.1563,152842.4531,307944.5625,86263.1875,1323.8979
2018-03-29,201530.9531,221632.1094,159673.1094,71606.2891,114584.9922,45896.1992,144838.7813,107004.6484,67400.4219,416151.3438,152744.6719,304612.875,86723.5,1318.9946
2018-03-28,201824.4375,219705.7031,158616.3125,71415.8516,113022.0234,45473.8398,143858.1406,107195.3906,67212.0234,418060.3125,152646.875,299377.3438,87275.8828,1323.8979
2018-03-27,202411.4219,218742.5156,159769.2031,71796.7344,111263.6875,45943.1289,141014.3281,106623.1641,66505.5156,416628.5938,152402.4219,298901.375,86171.1172,1325.8593
2018-03-26,200259.1563,216527.1563,157175.2188,71511.0703,112338.2266,45098.4102,140720.1406,105478.7344,66364.2188,415674.125,150778.0625,298425.4063,85802.8672,1307.5649
2018-03-23,202215.7656,218742.5156,160153.4844,71987.1797,110872.9453,45426.9102,142387.2031,106623.1641,67023.6172,415196.875,150778.0625,300329.25,85802.8672,1299.8621
2018-03-22,204465.8594,220668.9063,161882.7969,73034.6094,112338.2266,45896.1992,142387.2031,108053.7109,67918.5234,418060.3125,151064.7188,303185.0,86171.1172,1296.0106
2018-03-21,200943.9688,221921.0625,160729.9219,72177.6172,112338.2266,45661.5547,141798.8281,107672.2344,67777.2188,412333.4688,150586.9688,302709.0313,86723.5,1301.7877
2018-03-20,200943.9688,221921.0625,160729.9219,72177.6172,112338.2266,45661.5547,141798.8281,107672.2344,67777.2188,412333.4688,150586.9688,302709.0313,86723.5,1301.7877
2018-03-19,197715.5625,221246.8281,161018.1406,72368.0625,112533.5938,45520.7695,142093.0156,106432.4297,66976.5156,408992.7813,150300.3125,302233.0625,86355.2422,1303.7135
2018-03-16,200748.2969,223847.4688,163323.875,74082.0391,114487.3047,46412.4102,143956.2031,107767.6016,68106.9219,408515.5625,152115.7656,307944.5625,86539.375,1321.0449
2018-03-15,198987.3594,224040.1094,161498.5,73510.7109,114194.25,46130.8398,142093.0156,107862.9688,68012.7266,418060.3125,152402.4219,306040.75,86355.2422,1319.1193
2018-03-14,196737.25,218357.2344,160153.4844,72653.7266,111556.7422,45943.1289,140229.8281,107290.7578,67400.4219,416151.3438,152306.8594,298901.375,87091.75,1320.0822
2018-03-13,195661.1094,218260.9063,159384.8906,72272.8359,110189.1484,45614.625,137386.0,106146.3203,66976.5156,412810.6875,152306.8594,298425.4063,85342.5469,1320.0822
2018-03-12,195563.2813,217105.0625,159192.75,72272.8359,108821.5547,45426.9102,137876.3125,105574.1094,66599.7188,411378.9688,151733.5625,294141.8125,85066.3594,1319.1193
2018-03-09,195563.2813,214215.4844,159865.2656,72177.6172,109309.9766,45145.3398,138562.75,105574.1094,66411.3203,413765.1563,151733.5625,293665.8438,84882.2344,1319.1193
2018-03-08,197617.7344,215371.3125,162651.375,72939.3906,110189.1484,45286.125,139347.25,106432.4297,67117.8203,416151.3438,152497.9531,295569.6875,84974.2969,1320.0822
2018-03-07,198889.5313,216623.4688,162843.5313,72748.9453,109212.2969,44629.125,139249.1875,107100.0156,67635.9219,418060.3125,153357.9063,296521.5938,85066.3594,1320.0822
2018-03-06,196835.0781,218068.2656,161018.1406,72844.1641,108235.4375,45098.4102,138856.9375,107195.3906,67494.625,418537.5313,151638.0,299377.3438,85618.7422,1323.9336
2018-03-05,195954.6094,220957.8594,159480.9688,72939.3906,109016.9219,44957.625,138464.6875,106337.0625,67070.7188,415674.125,151446.9219,298425.4063,85066.3594,1323.9336
2018-03-02,196932.9063,227026.0313,160345.625,73796.375,110189.1484,45755.4141,140720.1406,107576.8594,67588.8281,419014.7813,153453.4688,304136.9063,86723.5,1319.1193
2018-03-01,198302.5469,230589.8594,161018.1406,74177.2656,112240.5391,45708.4844,143760.0781,107958.3438,68012.7266,419969.25,154122.3281,306992.6563,87460.0,1319.1193
2018-02-28,200846.1406,233094.1719,162171.0,74653.3672,110091.4609,45990.0547,143563.9531,109293.5156,68483.7188,423309.9375,155937.7656,316035.8438,87183.8203,1327.785
2018-02-27,202607.0781,234538.9688,164092.4688,75605.5781,113315.0781,46412.4102,145819.4063,110342.5859,69614.1328,425218.875,157657.6719,314608.0,88748.8906,1322.9707
2018-02-26,203096.2344,237332.25,163804.25,75891.2422,113705.8203,45943.1289,144544.5938,109961.1016,69896.7344,428559.5313,155651.1094,317939.6875,88012.3828,1318.1565
2018-02-23,200053.7031,233672.0938,161210.2813,75319.9141,112982.9453,45614.625,141458.5469,109674.9922,69472.8281,423787.1563,154695.6094,315083.9375,88509.5234,1318.1565
2018-02-22,197659.5625,230397.2188,159769.2031,74082.0391,112027.0859,45520.7695,140690.2813,109007.4063,67777.2188,420923.7188,152975.7031,309848.4063,87887.4688,1314.3049
2018-02-21,200341.0,233864.7344,161306.3594,74653.3672,111740.3281,46036.9805,142130.7813,110151.8438,68248.2266,425218.875,152880.1563,313656.0625,87798.6094,1321.0449
2018-02-20,200628.2969,234346.3438,161882.7969,75415.1328,110975.6328,46036.9805,141554.5938,110056.4766,69143.1328,425696.125,153644.5625,313656.0625,87798.6094,1338.3765
2018-02-19,199479.1094,230589.8594,160729.9219,75224.6953,109828.6016,45708.4844,140402.1719,110056.4766,69048.9297,424741.625,152784.625,310800.3125,87887.4688,1321.0449
2018-02-16,195935.7969,225099.625,158328.0938,74653.3672,107725.7031,45145.3398,136656.8281,108625.9297,68248.2266,418537.5313,151542.4531,306516.6875,86821.0859,1318.1565
2018-02-15,193350.125,222210.0156,156887.0,73796.375,107056.6016,44629.125,134928.2031,108816.6641,66646.8203,416151.3438,150204.7656,302709.0313,85665.8438,1323.9336
2018-02-14,194116.25,221246.8281,155349.8438,72653.7266,109063.9063,44441.4102,134928.2031,108339.8203,67353.3203,418060.3125,149631.4688,302709.0313,85665.8438,1310.4536
2018-02-13,194403.5469,223943.7813,155830.1875,74177.2656,113938.8125,44769.9102,137617.1875,109579.625,68436.6328,418060.3125,149440.3594,304136.9063,86465.6328,1310.4536
2018-02-12,195073.9063,225195.9375,157079.1563,73796.375,116328.4688,44863.7656,138673.5469,108625.9297,67683.0156,417583.0625,149440.3594,301281.1875,86287.9063,1301.7877
2018-02-09,195073.9063,225195.9375,157079.1563,73796.375,116328.4688,44863.7656,138673.5469,108625.9297,67683.0156,417583.0625,149440.3594,301281.1875,86287.9063,1301.7877
2018-02-08,197180.75,227796.5781,159769.2031,75700.7969,118049.0156,45473.8398,140018.0313,109579.625,69425.7266,426173.3438,151255.8125,310324.375,87620.8828,1301.7877
2018-02-07,194403.5469,227411.2969,156694.8438,73415.4922,115372.6094,44722.9805,135984.5938,108625.9297,67541.7266,421400.9688,150300.3125,300329.25,86909.9609,1321.0449
2018-02-06,195935.7969,228278.1875,157079.1563,72558.5,114129.9844,44676.0508,138097.3594,108244.4531,67918.5234,416151.3438,150204.7656,296045.6563,86376.7656,1288.3077
2018-02-05,203884.3125,237910.1719,164957.125,76557.7891,119291.6406,45943.1289,141842.6875,112249.9766,69849.6328,428559.5313,154217.8594,310324.375,88776.125,1331.6365
2018-02-02,206565.7344,241088.7344,166302.1406,76843.4531,118909.2969,46740.9102,142610.9531,112822.1875,69849.6328,432854.6875,155077.8125,312704.1563,89398.1797,1344.1537
2018-02-01,206278.4531,241281.3594,166206.0781,77414.7813,119865.1563,47397.9141,143187.1719,113394.4063,70226.4297,433331.9063,156415.5156,316987.75,89309.2969,1351.8566
2018-01-31,208289.5313,241281.3594,165725.7031,77033.8984,121012.1953,47491.7734,145972.1719,113966.625,69943.8359,435240.875,155651.1094,316987.75,88687.25,1339.3394
2018-01-30,206565.7344,241281.3594,163900.3125,77224.3359,120438.6797,47773.3438,144723.7188,113203.6719,68954.7266,433331.9063,154504.5156,319843.5313,88953.8516,1343.1908
2018-01-29,205512.3281,240414.4844,162747.4375,76653.0078,121107.7813,48054.9141,144915.7813,114157.3672,68766.3281,435240.875,156319.9688,318415.625,89309.2969,1331.6365
2018-01-26,206278.4531,242726.1563,163612.0938,77890.8828,122254.8203,47397.9141,145107.8438,115274.1406,68860.5313,439058.75,157179.9219,321271.375,88953.8516,1338.3765
2018-01-25,208864.1094,243496.7188,164957.125,78462.2109,122350.3984,48054.9141,146836.4688,115739.3281,69472.8281,436672.5625,158613.1563,318891.5938,88776.125,1324.8965
2018-01-24,209342.9375,243689.3594,165149.2656,78747.875,121968.0547,48993.4883,148853.1875,115181.1016,64857.0039,440967.7188,159568.6719,321271.375,88687.25,1321.0449
2018-01-23,206182.6875,242051.9219,163708.1875,78081.3281,121490.125,48336.4844,146356.2969,114529.8359,64857.0039,439536.0313,158135.4063,320319.4688,88687.25,1341.265
2018-01-22,205703.8438,240125.5313,163419.9688,77605.2188,121012.1953,47867.1992,145395.9531,114436.7969,64762.8125,439536.0313,158039.875,319843.5313,88776.125,1348.005
2018-01-19,203692.7969,237621.2188,162459.2188,77319.5625,122063.6406,48242.6289,143091.125,114622.875,64527.3047,440013.25,157466.5625,319843.5313,88154.0625,1348.9679
2018-01-18,203884.3125,236080.0938,163804.25,77605.2188,122732.7422,48054.9141,143379.2344,114250.7109,64715.7109,441444.9375,157848.7656,318415.625,88598.3906,1352.8193
2018-01-17,203597.0313,234153.6875,163035.6563,76367.3516,119960.7422,47304.0586,142418.8906,114157.6875,63585.3008,440967.7188,155842.2188,318415.625,88598.3906,1357.6338
2018-01-16,201394.4219,231745.6875,161402.4219,76081.6875,118718.1172,46412.4102,139729.9375,114343.7578,63585.3008,429036.7813,154600.0781,316987.75,89398.1797,1365.3365
2018-01-15,201585.9531,231649.375,161402.4219,76272.125,119004.8828,45990.0547,139249.7656,114064.6484,63538.2031,429514.0,154695.6094,315083.9375,90286.8281,1352.8193
2018-01-12,198808.75,229819.2969,160537.7656,76176.9063,117857.8516,45802.3398,136752.875,112483.0,62878.8008,425696.125,153835.6563,315083.9375,87887.4688,1352.8193
2018-01-11,198904.5156,233094.1719,159577.0469,75415.1328,120343.0859,45802.3398,136848.9063,112483.0,63067.2031,422832.6875,153931.2188,317463.7188,86643.3516,1358.5966
2018-01-10,198138.4063,232516.25,159288.8281,74653.3672,119578.3984,45379.9844,135888.5625,112203.8906,62784.5977,420923.7188,152402.4219,316035.8438,84777.1875,1358.5966
2018-01-09,198904.5156,232805.2188,159096.6719,74272.4844,118909.2969,45426.9102,137137.0,111552.6172,62784.5977,425218.875,152689.0625,313180.0938,84510.6016,1362.4481
2018-01-08,197851.0938,229048.75,156887.0,72653.7266,117475.5,45239.1953,134352.0156,110715.2734,61983.8945,421878.2188,150778.0625,307944.5625,84244.0078,1359.5594
2018-01-05,197851.0938,229048.75,156887.0,72653.7266,117475.5,45239.1953,134352.0156,110715.2734,61983.8945,421878.2188,150778.0625,307944.5625,84244.0078,1359.5594
2018-01-04,196223.0938,230782.4844,156214.5,72177.6172,116424.0547,45333.0547,134928.2031,110994.3906,62078.0938,418537.5313,150873.6094,308420.5313,83799.6797,1359.5594
2018-01-03,197851.0938,229530.3438,155734.125,71987.1797,116519.6406,45004.5547,134352.0156,110250.0859,61983.8945,418060.3125,149822.5469,307944.5625,83088.75,1337.4137
2018-01-02,197851.0938,229530.3438,155734.125,71987.1797,116519.6406,45004.5547,134352.0156,110250.0859,61983.8945,418060.3125,149822.5469,307944.5625,83088.75,1337.4137
2018-01-01,197851.0938,229530.3438,155734.125,71987.1797,116519.6406,45004.5547,134352.0156,110250.0859,61983.8945,418060.3125,149822.5469,307944.5625,83088.75,1337.4137
2017-12-29,197851.0938,229530.3438,155734.125,71987.1797,116519.6406,45004.5547,134352.0156,110250.0859,61983.8945,418060.3125,149822.5469,307944.5625,83088.75,1337.4137
2017-12-28,197851.0938,230397.2188,156118.4063,71987.1797,117188.7422,44863.7656,135216.3125,109970.9688,61795.4961,418060.3125,149535.9063,309372.4375,83266.4922,1327.785
2017-12-27,198425.7031,231264.0938,156310.5625,72463.2813,118049.0156,45145.3398,135888.5625,110715.2734,61842.5977,421878.2188,149631.4688,313180.0938,83177.625,1327.785
2017-12-26,197276.5156,228759.7656,153716.5938,72003.3672,116901.9844,44052.8438,134640.125,109877.9375,61795.4961,417920.9375,148389.3125,308695.625,82644.4297,1324.8965
2017-12-25,197276.5156,229819.2969,154485.1875,72094.1641,117188.7422,44370.75,134928.2031,109877.9375,61607.0938,419320.25,148962.6094,308232.8438,82733.2969,1314.3049
2017-12-22,196223.0938,227892.8906,153140.1563,72094.1641,116901.9844,44052.8438,134736.1406,109970.9688,61230.293,416988.0938,149440.3594,307307.2188,82644.4297,1314.3049
2017-12-21,195169.6719,229626.6563,154965.5469,71912.5703,117857.8516,43916.5938,135408.375,110064.0078,61795.4961,417920.9375,150491.4063,308232.8438,82733.2969,1309.4906
2017-12-20,196414.625,228759.7656,155541.9688,72094.1641,116997.5703,44234.5,135312.3594,109784.8906,61748.3945,417454.5,150873.6094,308232.8438,82733.2969,1306.6021
2017-12-19,193828.9688,230493.5313,156790.9375,72184.9609,118049.0156,44325.332,136368.7344,109691.8594,61936.793,417920.9375,150873.6094,308232.8438,82822.1719,1306.6021
2017-12-18,194978.1563,232227.2969,156983.0781,72094.1641,118622.5391,44734.0703,137329.0781,109505.7891,62831.6992,420253.0938,152115.7656,310084.0625,82733.2969,1324.8965
2017-12-15,196318.8594,232708.8906,157463.4375,72184.9609,118526.9531,44643.2383,138481.4844,109226.6719,63020.1016,423984.5313,153166.8125,308695.625,82555.5703,1319.1193
2017-12-14,198425.7031,234057.375,158135.9531,72094.1641,119100.4688,44824.8984,138769.5938,109505.7891,63161.3984,422585.25,153740.1094,311472.5,82200.1094,1313.3422
2017-12-13,198138.4063,233383.1406,156983.0781,72094.1641,118240.1953,44052.8438,137713.2031,109319.7031,63585.3008,418853.8125,152880.1563,311009.7188,81933.5078,1322.9707
2017-12-12,196414.625,230878.8125,156118.4063,71912.5703,117762.2578,43871.1797,135408.375,108110.2109,62454.8984,416988.0938,152784.625,310546.875,81933.5078,1322.9707
2017-12-11,195840.0313,231167.7813,156022.3438,71730.9609,118049.0156,43916.5938,136560.7969,108575.4063,63067.2031,416988.0938,153357.9063,309621.25,82022.3828,1312.3793
2017-12-08,194307.7813,228567.1406,156022.3438,71640.1719,118622.5391,43417.0273,134832.1875,108389.3281,62125.1953,415588.7813,153740.1094,308695.625,81844.6563,1312.3793
2017-12-07,196510.3906,228663.4531,156310.5625,71549.3672,117762.2578,43326.1953,135696.4844,108203.25,62407.7969,416988.0938,154600.0781,310546.875,82111.2422,1312.3793
2017-12-06,197946.8594,229241.375,157175.2188,71549.3672,118431.3594,43326.1953,136176.6563,108761.4766,62313.5938,416988.0938,154504.5156,311935.3125,82022.3828,1299.8621
2017-12-05,193158.6094,229722.9688,156790.9375,71004.5781,117953.4375,43417.0273,135408.375,108389.3281,62266.5,419320.25,154122.3281,309621.25,82022.3828,1318.1565
2017-12-04,192871.3125,229819.2969,158520.2344,71367.7734,117379.9141,43598.6875,135696.4844,108854.5156,62643.3008,422118.8125,154026.7656,307307.2188,81755.7813,1314.3049
2017-12-01,192296.7188,230782.4844,157271.2969,71276.9766,118049.0156,43598.6875,135792.5313,109319.7031,62596.1992,424450.9688,154791.1563,309621.25,81933.5078,1305.6393
2017-11-30,190860.2344,232227.2969,153044.0781,71004.5781,116137.2969,43734.9336,136080.625,108761.4766,62878.8008,426316.6563,156702.1719,311935.3125,81578.0625,1305.6393
2017-11-29,194020.5,230878.8125,155253.7656,70732.1875,114990.2578,44007.4258,134832.1875,108668.4297,62030.9961,427249.5625,155268.9219,311009.7188,81666.9219,1309.4906
2017-11-28,194212.0156,229915.6094,157367.375,70913.7813,114607.9141,44189.0859,137040.9688,109505.7891,61607.0938,427249.5625,156893.2656,310546.875,81489.1797,1310.4536
2017-11-27,192871.3125,230331.7188,156735.2031,71004.5781,114416.7344,44007.4258,136656.8281,107924.1328,61183.1914,426316.6563,156415.5156,307307.2188,81489.1797,1310.4536
2017-11-24,193445.8906,231087.5313,156735.2031,71549.3672,114225.5703,44052.8438,138193.375,108389.3281,61136.0898,426783.125,156893.2656,311935.3125,81222.6016,1310.4536
2017-11-23,194499.3125,231559.9063,156735.2031,71730.9609,114990.2578,43871.1797,138481.4844,107645.0234,60476.6875,425383.8438,157657.6719,310084.0625,80867.1328,1317.1936
2017-11-22,194499.3125,231559.9063,156735.2031,71730.9609,114990.2578,43871.1797,138481.4844,107645.0234,60476.6875,425383.8438,157657.6719,310084.0625,80867.1328,1317.1936
2017-11-21,194212.0156,230520.6719,156076.2656,71640.1719,114990.2578,44915.7305,137040.9688,109691.8594,60853.4883,429581.7188,158613.1563,312398.125,81222.6016,1318.1565
2017-11-20,191626.3594,231276.4688,155417.3125,71095.375,112982.9453,44325.332,135888.5625,108761.4766,60052.7852,423518.0938,156224.4219,308232.8438,80956.0078,1314.3049
2017-11-17,191339.0625,228158.7813,153817.0156,70550.5859,111166.8125,43598.6875,133487.7031,107924.1328,59252.082,421652.375,155077.8125,303141.9063,80333.9453,1314.3049
2017-11-16,188849.1563,225041.0781,150992.9375,69461.0,108108.0469,42872.0391,132623.3906,107365.9063,58592.6797,415122.375,150204.7656,304993.125,80511.6797,1314.3049
2017-11-15,187891.5,221451.0,148921.9844,69007.0078,107152.1875,42917.457,131374.9531,106900.7188,58451.3789,412323.8125,151638.0,304530.3125,80245.0859,1303.7135
2017-11-14,189328.0,223340.5,150522.2813,69097.8047,107821.2891,42599.5547,131855.125,106807.6719,58922.3789,415122.375,152211.3125,304993.125,80156.2109,1313.3422
2017-11-13,189615.2969,220317.2969,149769.2031,68189.8203,107056.6016,42236.2305,131470.9688,106063.375,58451.3789,410458.0938,152115.7656,304530.3125,80245.0859,1313.3422
2017-11-10,190668.7031,219939.3906,150616.4063,68189.8203,106578.6641,42327.0625,132239.25,105598.1875,58262.9766,409991.6563,152402.4219,301753.4688,80067.3516,1310.4536
2017-11-09,191147.5313,221828.9063,151746.0313,68280.6172,107630.1172,43144.5313,133871.8438,105877.2891,58357.1797,413256.6563,153835.6563,300827.8125,80067.3516,1303.7135
2017-11-08,192392.4688,223435.0,151557.7656,68189.8203,107916.8828,43053.7031,133871.8438,106342.4844,58451.3789,416521.6875,153835.6563,303141.9063,80333.9453,1305.6393
2017-11-07,191913.6563,223718.4219,152310.8594,67917.4219,108394.8047,42826.625,133967.875,106435.5313,58781.082,414655.9375,153453.4688,303141.9063,80511.6797,1305.6393
2017-11-06,192296.7188,224096.3125,153158.0625,68008.2188,108777.1484,41918.3242,133487.7031,106621.6016,58828.1797,412790.2188,152975.7031,300827.8125,80156.2109,1305.6393
2017-11-03,192679.7813,226741.6406,154287.6875,68643.8125,108777.1484,42281.6445,135696.4844,106900.7188,59299.1836,415122.375,154695.6094,301753.4688,80245.0859,1313.3422
2017-11-02,192679.7813,226741.6406,154287.6875,68643.8125,108777.1484,42281.6445,135696.4844,106900.7188,59299.1836,415122.375,154695.6094,301753.4688,80245.0859,1313.3422
2017-11-01,191530.5938,225230.0313,152781.5156,68008.2188,108299.2266,41963.7383,134736.1406,106435.5313,59016.582,412790.2188,154217.8594,300365.0,80245.0859,1312.3793
2017-10-31,192871.3125,225607.9219,153722.875,68189.8203,109063.9063,41872.9063,136464.7656,106435.5313,59299.1836,415588.7813,154886.7188,301290.6563,80245.0859,1315.2678
2017-10-30,193541.6563,226552.6875,153534.5938,68008.2188,109446.25,42099.9805,135984.5938,106621.6016,59675.9844,417454.5,155173.3594,297125.3438,80067.3516,1302.7506
2017-10-27,194020.5,228536.6719,153628.75,68462.2188,110402.125,42190.8125,135024.25,106807.6719,59723.0859,420719.5625,155842.2188,296662.5313,80422.8047,1313.3422
2017-10-26,196318.8594,228914.5781,153911.1406,68553.0078,111071.2266,41918.3242,135888.5625,107179.8281,58489.0586,420719.5625,156224.4219,295274.0938,80689.4063,1308.5277
2017-10-25,194882.3906,227214.0313,153440.4688,69007.0078,111166.8125,41782.0742,134448.0469,106714.6484,58534.1875,416521.6875,156415.5156,297125.3438,80689.4063,1314.3049
2017-10-24,196797.6719,229292.4688,154946.6406,69370.2031,111357.9844,42508.7227,136272.7031,107924.1328,58669.582,418387.4063,156702.1719,299439.375,80778.2656,1309.4906
2017-10-23,195265.4375,228914.5781,153628.75,69279.3984,111549.1484,42372.4727,135600.4688,108203.25,58714.7109,417454.5,156415.5156,295736.9063,80689.4063,1312.3793
2017-10-20,196127.3281,228347.7344,154570.0781,69097.8047,111931.4922,42327.0625,136464.7656,108854.5156,58985.4922,416521.6875,156415.5156,297125.3438,80422.8047,1314.3049
2017-10-19,198138.4063,228347.7344,154381.8281,69370.2031,111549.1484,42417.8906,136464.7656,108947.5469,59120.8828,420253.0938,156797.7188,298513.75,80689.4063,1321.0449
2017-10-18,196989.2188,228253.2344,151746.0313,68371.4141,111453.5703,41963.7383,136080.625,107831.0938,58895.2344,417454.5,154695.6094,297125.3438,80600.5391,1303.7135
2017-10-17,198521.4688,226741.6406,151746.0313,67645.0234,110784.4688,41736.6602,133487.7031,107924.1328,58759.8398,417920.9375,154695.6094,296662.5313,80511.6797,1303.7135
2017-10-16,191913.6563,225796.875,151840.1719,67100.2344,111262.3906,41645.8281,134544.0781,108668.4297,58985.4922,418387.4063,154982.2656,295736.9063,80511.6797,1313.3422
2017-10-13,191817.8906,226363.7188,150992.9375,66646.2344,110497.7031,41782.0742,133871.8438,108110.2109,58759.8398,415122.375,154217.8594,296662.5313,80422.8047,1309.4906
2017-10-12,192679.7813,225796.875,151840.1719,66373.8438,110880.0469,41100.8438,134352.0156,107924.1328,58443.9258,417454.5,155460.0156,296199.7188,80245.0859,1309.4906
2017-10-11,195648.5,225891.375,152122.5625,66192.25,111357.9844,40828.3555,134640.125,107924.1328,58308.5391,419786.6563,155746.6719,296662.5313,80156.2109,1302.7506
2017-10-10,193924.7344,225796.875,152499.125,65284.2617,111931.4922,41645.8281,135312.3594,107458.9453,58669.582,419320.25,156224.4219,298050.9688,80156.2109,1299.8621
2017-10-09,195073.9063,225418.9844,153534.5938,65193.4609,112122.6719,41327.9219,136752.875,107365.9063,59166.0117,423518.0938,158039.875,301753.4688,80156.2109,1293.1221
2017-10-06,195073.9063,225418.9844,153534.5938,65193.4609,112122.6719,41327.9219,136752.875,107365.9063,59166.0117,423518.0938,158039.875,301753.4688,80156.2109,1293.1221
2017-10-05,195840.0313,225418.9844,156170.3906,65465.8594,112027.0859,40873.7734,137617.1875,106900.7188,59707.5781,425383.8438,158899.8281,303604.6875,80333.9453,1306.6021
2017-10-04,195935.7969,225418.9844,155134.9063,64648.668,111262.3906,41100.8438,138961.6563,106807.6719,59481.9297,426316.6563,159090.9219,303604.6875,80600.5391,1312.3793
2017-10-03,196701.9219,225985.8281,155323.1719,64557.875,112313.8438,41918.3242,139057.7031,107179.8281,59436.7969,430048.125,160237.5313,302679.0938,80422.8047,1307.5649
2017-10-02,195840.0313,225324.5,156076.2656,64648.668,112791.7734,42327.0625,140402.1719,106156.4063,58985.4922,427249.5625,160524.1719,300365.0,80600.5391,1300.825
2017-09-29,193350.125,224001.8438,155134.9063,64557.875,112122.6719,42190.8125,140498.2031,105970.3359,58669.582,425850.25,160906.375,299439.375,79711.8906,1305.6393
2017-09-28,191243.2969,223057.0781,156170.3906,65193.4609,112218.2578,41918.3242,139153.7188,106063.375,58398.793,428182.4063,160619.7188,300827.8125,79534.1563,1309.4906
2017-09-27,191722.125,225513.4531,156170.3906,66010.6484,111549.1484,41872.9063,138961.6563,106156.4063,58579.3164,428648.8438,161001.9219,297125.3438,79178.6953,1310.4536
2017-09-26,190956.0,225702.4063,156358.6563,65829.0547,111262.3906,41872.9063,139153.7188,106993.75,58669.582,431447.4063,161705.1719,298976.5625,79356.4375,1309.4906
2017-09-25,191913.6563,226174.7969,156076.2656,65738.25,111166.8125,40555.8633,138961.6563,106063.375,58804.9727,430048.125,162633.4531,299439.375,79178.6953,1303.8177
2017-09-22,192296.7188,225985.8281,155793.8594,65284.2617,110306.5313,40374.2031,138577.5313,105132.9922,58489.0586,432380.2813,163097.5938,296662.5313,78823.2344,1304.7633
2017-09-21,192775.5469,226836.1094,155511.4531,65647.4531,110784.4688,42236.2305,139057.7031,104295.6484,58443.9258,431913.8438,163376.0625,294348.4375,78823.2344,1308.5453
2017-09-20,194595.0781,229386.9688,156829.3438,65919.8516,112409.4297,42508.7227,140114.0625,105598.1875,58759.8398,436578.125,163561.7188,295736.9063,79178.6953,1304.7633
2017-09-19,193254.3594,226552.6875,157958.9688,66283.0469,111835.9141,42327.0625,138577.5313,106156.4063,58714.7109,435178.8438,164025.8438,292497.2188,78912.1172,1300.9813
2017-09-18,196127.3281,230237.2344,156923.4844,65465.8594,111835.9141,41418.75,138193.375,105039.9531,58534.1875,436111.7188,162726.2656,286943.4688,78290.0547,1296.254
2017-09-15,196127.3281,230237.2344,156923.4844,65465.8594,111835.9141,41418.75,138193.375,105039.9531,58534.1875,436111.7188,162726.2656,286943.4688,78290.0547,1296.254
2017-09-14,194595.0781,229670.3906,156829.3438,65738.25,112313.8438,42872.0391,138193.375,106156.4063,59120.8828,438443.875,163097.5938,288331.875,78290.0547,1300.9813
2017-09-13,192392.4688,229670.3906,155229.0469,65375.0586,111835.9141,42690.3828,137233.0313,104946.9141,58759.8398,434246.0,163747.375,287406.2813,77312.5313,1303.8177
2017-09-12,191147.5313,227780.875,154005.2813,65193.4609,110402.125,42236.2305,137905.2813,107272.8672,58669.582,434246.0,163654.5469,286017.8438,76868.2109,1302.8723
2017-09-11,192105.1875,228914.5781,152404.9688,65011.8633,110784.4688,42099.9805,137137.0,107458.9453,58850.1016,433779.5625,162911.9375,284629.4063,76335.0234,1300.9813
2017-09-08,193541.6563,230426.1875,154005.2813,66373.8438,111835.9141,41918.3242,139345.7969,107086.7891,59120.8828,434246.0,163283.2344,286943.4688,76690.4766,1305.7086
2017-09-07,193924.7344,230804.1094,155982.1094,66646.2344,112600.6094,42236.2305,139729.9375,107551.9844,59617.3203,439843.1563,164768.4688,287869.0938,77490.2656,1306.6542
2017-09-06,190381.4219,228347.7344,153534.5938,66646.2344,111357.9844,41963.7383,139537.875,106993.75,59391.668,436111.7188,163190.4219,284166.5938,77756.8672,1309.4906
2017-09-05,189711.0469,226174.7969,154381.8281,66192.25,111644.7422,41645.8281,138961.6563,108017.1641,59617.3203,437044.5938,163376.0625,286943.4688,76868.2109,1305.7086
2017-09-04,191434.8281,226647.1563,154664.2344,66918.6406,111835.9141,42281.6445,140114.0625,109319.7031,60249.1484,437044.5938,165325.4375,290645.9688,78556.6406,1311.3816
2017-09-01,191434.8281,225230.0313,155134.9063,68008.2188,112027.0859,42826.625,139825.9688,109598.8125,60474.7969,436578.125,165603.9219,293885.625,78734.375,1311.3816
2017-08-31,193733.2031,225607.9219,156170.3906,68734.6094,112218.2578,42644.9688,139537.875,110715.2734,61016.3633,440776.0,166532.1875,296662.5313,79711.8906,1308.5453
2017-08-30,191339.0625,224285.2656,155229.0469,68371.4141,112409.4297,42690.3828,141074.4219,110715.2734,61151.7539,445440.2813,166625.0313,294811.2813,79356.4375,1305.7086
2017-08-29,190956.0,224852.125,156076.2656,68825.4141,113747.6328,43008.2891,140978.375,110808.3125,61106.6211,443108.1563,167738.9531,291571.5938,78201.1875,1309.4906
2017-08-28,191152.3281,225796.875,155793.8594,69642.6016,114663.3516,43689.5195,141903.1875,111366.5469,61106.6211,440776.0,166996.3281,291571.5938,78145.2031,1311.3816
2017-08-25,189933.6094,225230.0313,155134.9063,69914.9922,112978.5,43962.0117,140021.1875,110901.3516,60790.7109,437511.0,164675.6406,290645.9688,77112.4375,1306.6542
2017-08-24,190214.8438,225324.5,156452.7969,71004.5781,114288.9531,45188.2227,139174.2813,111831.7344,60971.2344,443108.1563,166717.8438,291571.5938,76940.3125,1313.2726
2017-08-23,190871.0938,225985.8281,157111.75,69914.9922,114663.3516,43871.1797,141056.2969,112017.8125,61061.4961,444973.875,166439.375,291571.5938,76854.2578,1309.4906
2017-08-22,192183.5625,226174.7969,157017.6094,70096.5938,113165.7109,42417.8906,141244.4844,111831.7344,60926.1016,446839.5625,167738.9531,291571.5938,77112.4375,1307.5997
2017-08-21,194996.0,223812.8906,155134.9063,69733.3984,112978.5,42327.0625,141150.3906,111459.5703,61242.0156,444041.0,167924.6094,288331.875,76854.2578,1307.5997
2017-08-18,194621.0,225796.875,156358.6563,69733.3984,113352.9219,41963.7383,141715.0,111738.6953,61016.3633,444041.0,169873.9844,285092.2188,76682.125,1308.5453
2017-08-17,191714.8125,224379.7344,154287.6875,69824.1953,113259.3203,42009.1523,141432.6875,112017.8125,61016.3633,440776.0,168667.2188,286017.8438,76682.125,1314.218
2017-08-16,191339.8125,222301.2813,152404.9688,70096.5938,113072.1094,41782.0742,140209.3906,110715.2734,60971.2344,435645.2813,166903.5,285555.0313,77714.8906,1312.327
2017-08-15,190683.5938,219089.1094,151557.7656,70005.7969,112416.8906,41691.2422,140303.4844,110715.2734,60700.4492,434712.4063,165139.7813,284629.4063,78059.1328,1314.218
2017-08-14,191808.5625,216160.3594,149675.0469,70278.1875,112323.2891,41645.8281,140209.3906,110994.3906,60429.6641,434712.4063,164490.0,281852.5313,77370.6328,1314.218
2017-08-11,195933.4688,218900.1563,152593.25,70641.3828,112510.4922,42145.3984,142185.4844,110715.2734,60429.6641,436111.7188,166253.7031,282315.3438,76768.1875,1313.2726
2017-08-10,195933.4688,218900.1563,152593.25,70641.3828,112510.4922,42145.3984,142185.4844,110715.2734,60429.6641,436111.7188,166253.7031,282315.3438,76768.1875,1313.2726
2017-08-09,197152.2031,218238.8281,152687.3906,71004.5781,112510.4922,42508.7227,142750.0938,111366.5469,60926.1016,440309.5625,166346.5313,286480.6563,76423.9531,1313.2726
2017-08-08,197527.2031,217766.4531,152310.8594,71095.375,112697.7031,42508.7227,142844.1875,109784.8906,61106.6211,437977.4063,166253.7031,285555.0313,75649.375,1313.2726
2017-08-07,196308.4688,219655.9688,152404.9688,71276.9766,112697.7031,43144.5313,141150.3906,110436.1641,60610.1875,434246.0,166160.8906,282778.1875,75305.125,1309.4906
2017-08-04,196964.7031,219089.1094,153440.4688,71730.9609,113914.5313,43871.1797,143126.4844,111273.5078,61106.6211,438443.875,168017.4375,286017.8438,75133.0,1316.109
2017-08-03,197152.2031,218805.6875,153440.4688,71730.9609,113633.7266,43280.7813,144726.1875,111552.6172,61151.7539,438910.2813,167553.2969,286943.4688,74874.8047,1316.109
2017-08-02,195183.5,219750.4375,152875.6563,71458.5703,112604.1016,43507.8555,144726.1875,111366.5469,60565.0586,435178.8438,167460.4688,281852.5313,74960.8672,1321.782
2017-08-01,196402.2188,220411.75,154287.6875,71821.7656,112791.3047,44279.918,146137.7031,111738.6953,60880.9688,440309.5625,169966.8125,286943.4688,74444.4922,1306.6542
2017-07-31,197433.4531,219655.9688,154758.375,72366.5547,112323.2891,44870.3164,147078.7031,112483.0,61557.9297,439843.1563,169688.3281,286943.4688,72895.3516,1323.6729
2017-07-28,197058.4375,221073.0938,154099.4375,71730.9609,112604.1016,44870.3164,147361.0,112576.0313,60926.1016,437977.4063,169409.8281,281389.7188,72206.8516,1323.6729
2017-07-27,194902.25,218805.6875,151181.2344,71095.375,111200.0625,44189.0859,143502.9063,113320.3359,60068.625,430981.0,169224.1875,277131.8438,72034.7266,1328.4001
2017-07-26,195464.7344,217766.4531,150804.6719,71095.375,110357.6406,43644.1016,143785.2031,111900.5781,60113.7539,427715.9688,167831.7813,277039.3125,71518.3516,1320.8364
2017-07-25,197527.2031,220789.6719,151275.3594,71276.9766,112416.8906,44052.8438,142844.1875,112082.2422,59978.3633,431913.8438,169966.8125,276669.0313,71088.0234,1320.8364
2017-07-24,196308.4688,219467.0156,150145.7344,71095.375,111200.0625,44234.5,140962.1875,111537.2578,59572.1875,428182.4063,166625.0313,272596.3125,70915.9063,1320.8364
2017-07-21,195933.4688,219467.0156,148639.5781,70913.7813,110357.6406,44189.0859,142561.8906,110992.2969,58985.4922,428648.8438,165696.75,268708.6875,70829.8516,1321.782
2017-07-20,199964.6406,221545.4844,149863.3438,71276.9766,110638.4375,45097.3906,143597.0,110901.4688,58759.8398,426316.6563,166253.7031,270189.6563,71174.0938,1318.9454
2017-07-19,197339.7031,220317.2969,147133.4063,70096.5938,108859.9844,44552.4102,141150.3906,109629.875,58082.8867,423518.0938,164211.5156,274262.4375,70657.7188,1322.7274
2017-07-18,193964.7813,219561.4844,144780.0156,69461.0,107830.3594,42826.625,139550.6719,108539.9297,57315.668,415122.375,163283.2344,267783.0625,70313.4609,1321.782
2017-07-17,190871.0938,219939.3906,142803.1875,69007.0078,107362.3359,41872.9063,139362.4844,108721.5938,58353.6641,414189.5313,162447.7969,266764.8438,70227.4063,1320.8364
2017-07-14,190871.0938,219939.3906,142803.1875,69007.0078,107362.3359,41872.9063,139362.4844,108721.5938,58353.6641,414189.5313,162447.7969,266764.8438,70227.4063,1320.8364
2017-07-13,192277.2969,223623.9375,147227.5313,69642.6016,109047.1875,42099.9805,142373.6719,109902.3516,59075.7539,421185.9688,164675.6406,267690.5,70313.4609,1320.8364
2017-07-12,191152.3281,221828.9063,146474.4688,69188.6016,108017.5703,41782.0742,139080.1875,109539.0469,58579.3164,416988.0938,160962.5625,267597.9063,70055.2734,1322.7274
2017-07-11,191621.0625,224001.8438,147509.9375,69642.6016,110544.8281,42236.2305,141244.4844,110538.1563,58895.2344,419786.6563,163468.8906,272226.0313,70141.3438,1317.9999
2017-07-10,192089.8125,225135.5625,146756.8594,69642.6016,109796.0078,42554.1367,140397.5938,111083.125,58895.2344,419786.6563,164025.8438,275650.8438,71088.0234,1317.9999
2017-07-07,192746.0313,224379.7344,148168.8906,70187.3906,111480.8594,42735.7969,140115.2813,111537.2578,59436.7969,421652.375,165232.6094,276391.3438,71346.2188,1322.7274
2017-07-06,195277.2344,227969.8125,149863.3438,70913.7813,112604.1016,42917.457,139927.0781,111537.2578,60113.7539,428182.4063,165789.5781,277039.3125,71432.2969,1322.7274
2017-07-05,193777.2656,225513.4531,148921.9844,71186.1719,111200.0625,42417.8906,140021.1875,111446.4453,59662.4531,422585.25,164490.0,272318.5938,71174.0938,1318.9454
2017-07-04,194621.0,226458.2188,150428.1406,71549.3672,111761.6719,42417.8906,141809.0938,111173.9531,59752.707,426783.125,165975.2344,273614.4688,71690.4766,1323.6729
2017-07-03,194152.2656,225041.0781,151557.7656,72184.9609,112604.1016,43462.4414,143691.0938,112263.8984,60384.5391,432846.7188,166903.5,272874.0,71432.2969,1323.6729
2017-06-30,194527.25,226174.7969,151087.0938,72184.9609,113352.9219,43871.1797,144632.0938,112536.3828,60519.9258,432380.2813,168481.5625,275558.3125,71001.9766,1325.5638
2017-06-29,197620.9531,226269.25,152687.3906,72638.9609,114476.1484,45051.9766,146608.2031,113535.4844,60790.7109,438910.2813,169781.1406,277131.8438,70743.7813,1324.6184
2017-06-28,195464.7344,225418.9844,151840.1719,71821.7656,114288.9531,44461.582,148019.7031,112173.0625,60835.8438,437044.5938,168203.0781,267505.375,70485.5859,1323.6729
2017-06-27,197902.1719,225891.375,153534.5938,72638.9609,115786.5938,45467.0703,149807.6094,112808.8594,61828.707,438423.3438,168574.4063,269155.7813,70829.8516,1331.2367
2017-06-26,197339.7031,225985.8281,153817.0156,72638.9609,115973.7969,45378.4453,150560.4219,112990.5156,61603.0586,440250.0938,168017.4375,269515.8125,70399.5391,1332.1821
2017-06-23,198933.4063,226080.2969,153817.0156,73183.75,116161.0,45910.2227,150184.0156,112173.0625,62054.3594,442990.25,168388.7344,269335.7813,70227.4063,1332.1821
2017-06-22,199683.3906,227308.4844,154664.2344,73546.9453,116441.8125,45644.332,150842.7031,112627.2031,62686.1875,446643.7813,168481.5625,269155.7813,69883.1406,1332.1821
2017-06-21,200433.4063,227119.5469,154570.0781,72638.9609,116441.8125,45732.9609,151783.7031,113081.3438,62595.9258,447100.4375,169781.1406,269155.7813,69883.1406,1335.0186
2017-06-20,201933.3594,226080.2969,154381.8281,72638.9609,116067.3906,45910.2227,152254.2188,112899.6953,63182.625,448013.8438,169502.6563,268615.625,69797.0859,1323.6729
2017-06-19,203527.0625,229481.4375,155323.1719,73728.5391,116909.8203,46176.1094,152442.4063,113444.6563,63363.1445,449383.9375,170152.4531,268615.625,69452.8438,1323.6729
2017-06-16,203433.3125,227686.3906,155134.9063,73546.9453,115786.5938,45910.2227,154042.125,112536.3828,63498.5352,450753.9688,169317.0156,268795.6563,69538.8984,1323.6729
2017-06-15,204089.5625,228914.5781,155134.9063,72911.3516,117190.6328,47151.0352,154230.3125,113263.0078,63814.4531,450297.3125,171266.3906,268975.6875,69624.9609,1323.6729
2017-06-14,202308.3438,226269.25,154381.8281,71640.1719,115037.7734,47239.668,151313.2188,111809.75,63272.8867,444817.0,171452.0313,265825.0625,69280.7109,1321.782
2017-06-13,202589.5938,227119.5469,154758.375,72820.5547,115224.9766,47948.707,151407.3125,113172.1875,63769.3203,450753.9688,172565.9688,268705.6875,69022.5234,1325.5638
2017-06-12,203714.5781,225607.9219,155605.5781,73183.75,115224.9766,47682.8164,152066.0156,113898.8047,63498.5352,450753.9688,171823.3594,268885.7188,68936.4609,1324.6184
2017-06-09,201370.8594,223623.9375,154287.6875,73546.9453,114663.3516,47328.3008,151219.125,112718.0391,62821.582,444817.0,168388.7344,267265.375,68592.2031,1328.4001
2017-06-08,203902.0781,225230.0313,155229.0469,73183.75,115318.5703,47682.8164,153195.2188,113081.3438,63272.8867,449840.625,167460.4688,266365.1563,68678.2656,1320.8364
2017-06-07,205683.2656,228725.625,157300.0,73728.5391,116816.2188,47682.8164,155830.0156,114080.4609,63814.4531,453950.8125,168760.0469,267175.3125,68592.2031,1329.3458
2017-06-06,204370.7969,226174.7969,155323.1719,73092.9453,116722.6172,47062.4063,156018.2344,113444.6563,63588.8008,449840.625,166160.8906,266185.1563,68334.0156,1337.8551
2017-06-05,203527.0625,225985.8281,154664.2344,73274.5469,117845.8438,47860.0781,155547.7188,112808.8594,63498.5352,453037.4375,167089.1563,266635.2188,68334.0156,1334.0731
2017-06-02,203339.5625,225230.0313,156735.2031,73274.5469,117097.0234,47594.1875,156488.7344,112899.6953,63679.0625,450753.9688,167181.9844,265915.0625,68334.0156,1336.9097
2017-06-01,202120.8594,227119.5469,155040.7656,73365.3438,118781.875,45998.8555,156112.3281,112718.0391,63814.4531,449383.9375,167367.625,265014.875,68420.0859,1333.1277
2017-05-31,201839.6094,227402.9688,153440.4688,72911.3516,116909.8203,46176.1094,156771.0313,110628.9766,63227.75,442533.5625,166717.8438,264564.8125,68506.1406,1342.5824
2017-05-30,201370.8594,224096.3125,152310.8594,72820.5547,115599.3828,46442.0039,153665.7188,109993.1875,63272.8867,445273.6875,167367.625,263844.625,69022.5234,1362.4375
2017-05-29,200245.8906,227308.4844,152499.125,71912.5703,117190.6328,45289.8125,154324.4219,110356.5,64085.2344,444360.3438,169966.8125,264474.75,69280.7109,1335.0186
2017-05-26,199683.3906,226998.6094,151981.375,72366.5547,118220.2656,45289.8125,153195.2188,109902.3516,65123.2383,447100.4375,170802.25,265104.9375,68936.4609,1336.9097
2017-05-25,198839.6563,227647.4219,151519.9844,71004.5781,118781.875,43029.7539,154324.4219,109811.5313,64626.7969,446643.7813,170802.25,264654.8438,68334.0156,1338.8007
2017-05-24,198745.9063,227554.75,149858.9844,70822.9766,118594.6719,42630.9219,153571.625,110356.5,65890.4531,448013.8438,171173.5625,263574.5625,68247.9609,1337.8551
2017-05-23,197995.9219,224866.7344,150228.0938,70005.7969,118875.4844,42143.457,153383.4219,111083.125,66025.8516,446643.7813,173030.1094,263664.5938,67989.7656,1347.3099
2017-05-22,199683.3906,224681.3438,150504.9219,69370.2031,118126.6641,42497.9766,155924.125,110628.9766,65078.1016,444360.3438,172658.7969,262494.375,67645.5156,1358.6556
2017-05-19,202120.8594,225330.1875,151612.2813,69188.6016,119624.3047,41655.9961,156206.4219,111173.9531,65078.1016,446643.7813,172937.2813,263484.5938,67817.6406,1343.528
2017-05-18,202214.5938,225700.9375,152535.0469,69642.6016,119530.6953,41345.793,159029.4375,111628.0938,66070.9688,448927.25,174144.0313,263664.5938,67817.6406,1361.4921
2017-05-17,201370.8594,224310.5938,151796.8125,68916.2031,117845.8438,41212.8438,155453.6094,111173.9531,64762.1914,445730.375,173958.375,260964.0313,67817.6406,1373.7833
2017-05-16,202027.1094,225330.1875,152627.3125,68280.6172,118501.0625,40902.6406,153948.0313,111446.4453,63949.8438,446187.0625,165418.25,260513.9375,67559.4531,1358.6556
2017-05-15,203339.5625,222920.25,154380.5938,68916.2031,119249.8828,41523.0508,156582.8281,111537.2578,64130.3633,450753.9688,164768.4688,261774.2344,67301.25,1341.637
2017-05-12,205027.0469,221993.3125,155487.9375,69642.6016,119437.0938,41478.7344,154700.8281,111537.2578,64040.0977,452580.7813,164304.3281,262854.4688,67903.7031,1346.3644
2017-05-11,205683.2656,223290.9844,156502.9844,70459.7813,119905.1094,41478.7344,154983.125,111446.4453,64130.3633,454407.5313,165418.25,262134.2813,67731.5703,1370.0013
2017-05-10,207464.4844,224495.9531,157518.0313,70278.1875,121309.1563,41345.793,153853.9219,113263.0078,64671.9258,457604.3438,165603.9219,261594.1875,67645.5156,1374.7288
2017-05-09,209245.7031,224125.2031,157425.75,70005.7969,120560.3359,41478.7344,153759.8125,113535.4844,65439.1445,455777.625,166253.7031,260333.9375,67301.25,1362.4375
2017-05-08,209526.9531,222271.4063,157056.6563,69370.2031,120841.1328,38686.8945,154700.8281,112627.2031,65755.0625,453950.8125,166439.375,260964.0313,67387.3203,1363.3831
2017-05-02,209058.2188,221715.25,157148.9219,68189.8203,118781.875,37977.8555,154983.125,111628.0938,66070.9688,448470.5625,163654.5469,258083.4688,67129.1328,1361.4921
2017-05-01,204652.0469,218378.4063,156502.9844,67917.4219,117471.4453,37844.9141,151971.9063,110992.2969,64671.9258,443446.9688,161241.0469,257093.2656,67215.2031,1359.6012
2017-04-28,204183.2969,218471.0938,155487.9375,68916.2031,117658.6406,37844.9141,151219.125,110719.8047,64220.625,444360.3438,161612.3438,257723.3594,67215.2031,1358.6556
2017-04-27,206433.2656,220510.2813,157979.4219,69097.8047,117939.4531,38465.3203,154700.8281,110992.2969,64356.0195,442990.25,158549.0469,257273.2656,67645.5156,1361.4921
2017-04-26,206620.75,220881.0625,156964.3906,68825.4141,118033.0547,38642.5781,153853.9219,111446.4453,64446.2773,442990.25,161241.0469,257453.3281,67473.3828,1360.5466
2017-04-25,206152.0156,220417.5938,156133.875,68734.6094,118688.2734,39174.3594,154230.3125,111264.7813,63486.8047,443446.9688,161705.1719,254842.7656,66698.8203,1365.274
2017-04-24,207558.2344,220973.7344,157702.5938,67735.8281,118220.2656,38908.4688,154418.5156,111355.6094,63704.2266,442533.5625,160684.0781,255652.9219,66612.75,1408.7661
2017-04-21,207464.4844,221344.4844,158071.7031,67645.0234,119624.3047,38465.3203,154324.4219,111173.9531,64530.418,445730.375,160962.5625,256283.0938,66698.8203,1352.0374
2017-04-20,209526.9531,221993.3125,158717.625,67826.625,119905.1094,38598.2656,157523.8281,112718.0391,64095.5742,452124.0625,158549.0469,256013.0,66870.9375,1382.2926
2017-04-19,209339.4531,222364.0781,158809.9219,68008.2188,120279.5234,38288.0664,157241.5313,112354.7266,63530.2852,451210.6875,159477.3125,256463.0938,66526.6953,1381.3473
2017-04-18,209901.9375,223754.4375,158625.3594,68734.6094,119530.6953,38997.0977,159029.4375,113263.0078,64573.9023,450297.3125,159755.7969,257723.3594,66957.0156,1387.9656
2017-04-17,209433.2031,222734.8438,159086.7813,67463.4297,119998.7109,38022.1758,158558.9219,112990.5156,64530.418,447100.4375,158270.5781,255112.8438,66957.0156,1375.6743
2017-04-14,204183.2969,215041.5469,155487.9375,65919.8516,117097.0234,37534.707,156018.2344,110719.8047,62964.9922,440706.8125,155114.4375,249891.7656,65407.8789,1385.1291
2017-04-13,203620.8125,216246.5156,156502.9844,67009.4375,118594.6719,37401.7656,158182.5313,111083.125,63530.2852,443446.9688,156321.2031,251152.0313,65666.0703,1360.5466
2017-04-12,205870.7813,216895.3594,157333.4844,67917.4219,118688.2734,38110.8047,158370.7344,111718.9219,63312.8633,447557.1875,156785.3281,253492.5,65666.0703,1354.8738
2017-04-11,208683.2188,219768.7656,157518.0313,69007.0078,119530.6953,38553.9492,161005.5313,112263.8984,64399.9688,448470.5625,157620.7813,255742.9844,66612.75,1362.4375
2017-04-10,209526.9531,219027.25,158717.625,67917.4219,119624.3047,38775.5234,159499.9375,111718.9219,64443.4531,449840.625,157899.25,255562.9063,66957.0156,1370.9469
2017-04-07,210933.1563,222734.8438,160470.9219,68189.8203,121309.1563,38997.0977,161287.8281,113172.1875,63834.668,453494.1563,159291.6563,255562.9063,66526.6953,1363.3831
2017-04-06,209433.2031,223383.6719,159363.6094,69188.6016,121215.5469,38775.5234,161664.2344,112354.7266,64399.9688,454864.25,159013.1875,256733.1563,66268.5156,1377.5653
2017-04-05,205308.2813,224217.8906,157887.1563,69097.8047,121402.7578,38864.1523,160911.4375,111900.5781,62704.0859,451210.6875,157435.125,256553.1406,66526.6953,1390.8019
2017-04-04,205683.2656,223105.6094,157887.1563,69007.0078,120934.7344,38731.2109,160252.7344,111718.9219,63182.4141,452124.0625,156785.3281,257723.3594,66957.0156,1404.0387
2017-04-03,204745.8125,222178.7188,157056.6563,69279.3984,120747.5313,39440.25,160064.5469,112445.5469,63095.4375,455777.625,159013.1875,258173.4531,66957.0156,1404.0387
2017-03-31,204745.8125,223661.75,157794.875,69824.1953,120466.7266,39706.1406,162605.25,112263.8984,64182.543,462171.25,159848.6406,260153.8906,66870.9375,1394.584
2017-03-30,205027.0469,223198.3125,157148.9219,70096.5938,121121.9453,38952.7852,162322.9375,113626.3125,63486.8047,459431.125,160684.0781,259523.7656,67129.1328,1403.0933
2017-03-29,206152.0156,222364.0781,157979.4219,70550.5859,120934.7344,40016.3438,162605.25,114807.0938,64052.0938,460344.5,162447.7969,258893.6094,67387.3203,1404.0387
2017-03-28,207745.7344,221344.4844,157887.1563,71004.5781,120747.5313,40459.4922,159688.1406,115624.5469,64486.9336,463998.0625,162537.8438,259433.7188,67129.1328,1407.8207
2017-03-27,207651.9844,220324.9063,158163.9844,70550.5859,120466.7266,40681.0664,160817.3438,115533.7109,64617.3945,461257.875,161628.2656,256373.1094,67387.3203,1403.1743
2017-03-24,208776.9531,221993.3125,157979.4219,70187.3906,119998.7109,41035.5859,160911.4375,117077.7969,64399.9688,460344.5,162628.7969,255202.8594,67559.4531,1386.4479
2017-03-23,209245.7031,220695.6563,158625.3594,69914.9922,120279.5234,40991.2695,160064.5469,116805.3125,64008.6172,461257.875,162537.8438,255833.0,67645.5156,1382.7307
2017-03-22,211683.1563,220417.5938,160378.6406,69914.9922,120185.9141,41212.8438,160064.5469,117531.9453,64573.9023,460344.5,162901.6563,258083.4688,67989.7656,1400.3867
2017-03-21,213183.125,221066.4219,159640.4219,70187.3906,119156.2891,41655.9961,158464.8281,117168.625,63747.7109,456691.0,161901.1406,257903.4219,68334.0156,1415.2546
2017-03-17,215339.3125,221529.875,162777.875,70641.3828,120279.5234,41921.8789,155735.9219,117622.7656,64269.5156,458517.75,163174.5156,261054.0469,68850.3984,1405.0328
2017-03-16,214495.5938,225237.4844,160286.375,71821.7656,121121.9453,42054.8281,160346.8438,116532.8359,64139.0664,457604.3438,162174.0156,258893.6094,68764.3281,1409.6791
2017-03-15,212433.1406,223290.9844,159455.875,71095.375,120747.5313,42054.8281,158653.0313,115261.2266,64269.5156,452124.0625,161264.4531,256463.0938,68161.8984,1431.0519
2017-03-14,213839.3594,224032.5313,159179.0469,71549.3672,120841.1328,41966.1992,157429.7344,115261.2266,64095.5742,453950.8125,161173.5,255112.8438,68247.9609,1431.0519
2017-03-13,215339.3125,224495.9531,160378.6406,72094.1641,120466.7266,42365.0313,157712.0313,116260.3359,65356.6172,459431.125,162264.9688,255202.8594,68764.3281,1426.4056
2017-03-10,213464.375,221066.4219,158533.0938,70278.1875,117939.4531,42453.6602,153101.125,114988.75,64878.2969,456691.0,162810.7031,256643.1719,68678.2656,1437.5568
2017-03-09,216183.0469,222456.7813,160563.2031,70368.9922,119249.8828,42763.8672,155547.7188,115987.8594,65530.5586,463084.6875,164993.6406,259343.7031,69280.7109,1467.293
2017-03-08,214214.3594,221437.1875,159640.4219,71640.1719,118220.2656,42542.2891,152912.9375,115079.5703,65487.0703,465824.7813,164084.0781,259793.7969,68936.4609,1435.6984
2017-03-07,211776.8906,223476.375,160563.2031,72457.3594,119062.6875,42365.0313,155265.4219,114897.9141,66139.3281,470391.7188,164356.9531,262314.3438,69280.7109,1445.9199
2017-03-06,214120.6094,225237.4844,161116.8594,72275.7656,118875.4844,42630.9219,155171.3125,116260.3359,66269.7891,472218.4688,164538.8594,262494.375,69711.0313,1441.2738
2017-03-03,214026.8594,225330.1875,159732.7031,71549.3672,119530.6953,42099.1406,155735.9219,114807.0938,66182.8203,471305.0938,164629.8281,262494.375,69969.2109,1440.3446
2017-03-02,213370.625,224032.5313,159917.25,72184.9609,119998.7109,42675.2344,156206.4219,114716.2578,66530.6953,468564.9375,165903.2031,262494.375,69969.2109,1437.5568
2017-03-01,213276.875,223661.75,160655.4688,72275.7656,119998.7109,42497.9766,157712.0313,113172.1875,65704.4922,466738.1875,165266.5,262404.3438,70227.4063,1424.5472
2017-02-28,211870.6406,223847.1406,161116.8594,73183.75,120185.9141,42763.8672,158370.7344,112990.5156,66530.6953,467651.5938,167449.4219,262404.3438,70399.5391,1421.7595
2017-02-27,217308.0313,224403.2813,162408.75,72911.3516,120185.9141,42099.1406,158935.3125,113444.6563,66487.1953,469478.3125,168086.125,261954.2344,70485.5859,1423.618
2017-02-24,215995.5781,224032.5313,162224.1875,72911.3516,120279.5234,43029.7539,158370.7344,113535.4844,66922.0469,473131.8438,169632.375,261054.0469,70313.4609,1440.3446
2017-02-23,212105.0156,221159.125,161024.5938,71367.7734,118120.1016,42985.4453,154580.375,113172.1875,66269.7891,467651.5938,169723.3438,259253.7031,68739.3672,1429.1935
2017-02-22,212473.0938,218100.3281,159824.9688,70732.1875,118028.1094,43029.7539,154672.7656,116805.3125,65617.5156,459431.125,170178.1094,258803.6094,68317.1484,1433.8397
2017-02-21,212749.1563,219119.9219,158071.7031,68916.2031,118304.0938,42896.8086,154025.9688,117168.625,64921.7813,457604.3438,170996.7188,257903.4219,68486.0313,1420.8303
2017-02-20,212565.125,218378.4063,159548.1406,69914.9922,118856.0547,42941.125,154395.5781,115715.3672,65139.1992,457604.3438,167995.1719,256283.0938,68401.5938,1443.1324
2017-02-17,212105.0156,216709.9688,160378.6406,68734.6094,117200.1563,42941.125,153379.2031,112173.0625,64530.418,458517.75,168177.0938,253492.5,67894.9141,1444.9907
2017-02-16,212289.0625,216895.3594,159824.9688,68916.2031,117200.1563,42985.4453,154487.9844,111628.0938,64530.418,452124.0625,167904.2188,252502.2969,67557.125,1444.0615
2017-02-15,213209.25,218471.0938,160286.375,69824.1953,117384.1484,42630.9219,155781.5469,110810.6328,64791.3281,456691.0,169086.6406,253312.4688,67894.9141,1458.9297
2017-02-14,212105.0156,219490.7031,159732.7031,69642.6016,117752.1406,43295.6484,153379.2031,111446.4453,64660.8711,452124.0625,168268.0313,252772.3438,67979.3516,1451.4956
2017-02-13,215141.6719,221251.8125,160932.3125,69914.9922,118580.0703,44048.9961,154303.1719,111718.9219,64834.8047,454407.5313,168449.9688,251962.2188,67894.9141,1435.6984
2017-02-10,218546.3906,220788.3594,161024.5938,69007.0078,118488.0781,44270.5742,156613.0938,109902.3516,64660.8711,456691.0,168359.0156,253582.5156,67979.3516,1458.9297
2017-02-09,216982.0625,217729.5781,161393.7031,69914.9922,117936.1094,44492.1484,155781.5469,110447.3359,64573.9023,456691.0,167631.3594,252772.3438,67810.4531,1449.6371
2017-02-08,219834.6563,219676.0781,163239.25,70187.3906,117936.1094,45201.1836,157075.0781,110084.0078,65008.7461,456234.2813,165357.4531,253312.4688,67810.4531,1449.6371
2017-02-07,221583.0156,222364.0781,164900.25,71004.5781,118856.0547,45467.0703,158830.6406,110901.4688,66400.2422,461257.875,165721.2813,254122.625,68148.25,1449.6371
2017-02-06,220202.75,222178.7188,163885.2188,72638.9609,119316.0234,45998.8555,160863.375,111446.4453,65834.9453,463084.6875,165994.1406,255562.9063,68232.6953,1423.618
2017-02-03,219834.6563,220417.5938,164346.5781,71821.7656,119408.0234,46264.7422,160955.7656,109175.7266,64747.8516,460344.5,165721.2813,256193.0781,68148.25,1431.9812
2017-02-02,220202.75,219027.25,164254.3125,71095.375,119316.0234,46087.4844,161140.5625,108994.0703,64704.3477,462171.25,165084.5938,255833.0,68401.5938,1435.6984
2017-02-01,221951.1094,219954.1406,165177.0938,71912.5703,119132.0391,46619.2617,161972.125,111264.7813,66182.8203,468564.9375,165266.5,256913.2188,68992.7109,1435.6984
2017-01-31,222319.1875,218749.1875,166192.125,72003.3672,119316.0234,47328.3008,162526.5156,111718.9219,66095.8438,469478.3125,164811.7188,256553.1406,69161.5938,1433.8397
2017-01-30,224159.5781,220139.5156,168314.5156,72094.1641,119316.0234,47239.668,162988.5,112990.5156,65139.1992,471305.0938,164629.8281,256103.0156,69921.625,1410.6083
2017-01-27,225447.8594,218563.7813,167668.5938,71095.375,118304.0938,46707.8906,163635.2656,112536.3828,65269.6563,466738.1875,164720.7813,255292.8906,69330.4922,1392.0232
2017-01-26,223055.3438,221251.8125,166653.5313,70732.1875,117660.1328,46796.5234,161972.125,111883.3203,65139.1992,463998.0625,164447.9063,255202.8594,69330.4922,1382.7307
2017-01-25,221675.0469,221251.8125,165546.2031,71186.1719,117476.1406,47328.3008,161510.1563,112503.9141,65530.5586,463084.6875,164993.6406,255202.8594,69161.5938,1361.3579
2017-01-24,220662.8281,220881.0625,166745.8125,70641.3828,118304.0938,46707.8906,161694.9531,112149.2891,65095.7148,463998.0625,164902.6719,256913.2188,69414.9531,1364.1456
2017-01-23,222227.1875,219212.625,164623.4063,70913.7813,120235.9688,46353.3711,162064.5313,111883.3203,65182.6836,463084.6875,164902.6719,257093.2656,69583.8359,1366.0043
2017-01-20,220662.8281,218471.0938,163977.4844,72275.7656,121339.8828,47239.668,162618.9063,111262.7344,65921.9141,463998.0625,164993.6406,256103.0156,68908.2578,1358.5701
2017-01-19,220202.75,219212.625,163054.7031,70550.5859,122075.8438,46796.5234,160678.5781,110908.125,64313.0,459431.125,163447.3906,253762.5625,68570.4766,1364.1456
2017-01-18,223147.375,218934.5469,163792.9063,70913.7813,122259.8359,45555.7031,161787.3594,109844.25,64356.4766,457604.3438,162264.9688,252322.25,68401.5938,1352.0654
2017-01-17,222043.125,221900.6563,164715.6875,69733.3984,122075.8438,45289.8125,159847.0156,109312.3125,64269.5156,456691.0,161719.25,251962.2188,68739.3672,1361.3579
2017-01-16,222963.3281,224588.6563,165546.2031,70459.7813,123731.7266,45998.8555,161232.9688,110464.8359,64704.3477,459431.125,162810.7031,252862.3906,68992.7109,1357.6409
2017-01-13,223331.4063,225886.3125,165453.9219,71367.7734,123547.7344,46442.0039,162434.125,110996.7656,64530.418,458517.75,164084.0781,253222.4531,68654.9219,1356.7115
2017-01-12,221767.0781,224959.4063,165730.75,71549.3672,122719.7969,46973.7773,161140.5625,111351.3906,64747.8516,460344.5,162810.7031,252412.2969,68570.4766,1364.1456
2017-01-11,224711.7031,224310.5938,167576.2969,72638.9609,123087.7734,46530.6328,162896.125,112149.2891,65095.7148,461257.875,163174.5156,252862.3906,69499.3984,1384.5894
2017-01-10,222227.1875,224032.5313,167484.0313,72094.1641,121523.875,46087.4844,162988.5,112149.2891,65400.1016,463998.0625,163629.2969,253312.4688,69077.1641,1382.7307
2017-01-06,223975.5469,224495.9531,167576.2969,72638.9609,123639.7344,47328.3008,164466.8594,113656.4375,66226.3047,468564.9375,166539.8906,255472.9219,67979.3516,1371.5796
2017-01-05,222227.1875,224125.2031,166376.7031,72820.5547,123639.7344,47594.1875,164282.0625,114365.6797,66269.7891,469478.3125,168177.0938,254842.7656,67726.0156,1377.1552
2017-01-04,219466.5938,222734.8438,164623.4063,71730.9609,122903.7813,46885.1484,163635.2656,114365.6797,65530.5586,463084.6875,167631.3594,254842.7656,67641.5781,1349.2777
2016-12-30,217718.2188,221437.1875,164162.0469,71367.7734,123823.7266,46707.8906,163358.0938,113390.4688,65269.6563,456234.2813,167722.3125,256553.1406,66543.7656,1337.1971
2016-12-29,215601.7656,219027.25,163516.0781,70550.5859,121983.8359,46087.4844,162064.5313,112681.2266,64921.7813,455777.625,167540.4063,252682.3125,65783.7578,1327.9048
2016-12-28,213945.4063,220232.2031,161301.4219,70641.3828,121891.8516,46707.8906,161140.5625,114011.0469,65356.6172,453037.4375,166448.9375,251962.2188,65952.6328,1321.3999
2016-12-27,213301.2813,217914.9531,161301.4219,70441.625,121063.9141,46196.5,159754.6094,113301.8203,65834.9453,447189.0938,164811.7188,248631.5,65361.5117,1332.551
2016-12-26,216521.9688,218007.6563,160286.375,70180.7344,120419.9531,46368.8711,160216.5938,112947.1875,64356.4766,444950.9063,165539.3594,247756.0313,65445.9609,1323.2584
2016-12-22,213301.2813,213373.125,160009.5313,69919.8438,117752.1406,47316.9375,160124.1875,111262.7344,63182.4141,444055.625,163538.3438,246442.8125,65445.9609,1333.4803
2016-12-21,214497.5469,214021.9531,159824.9688,70006.7969,118396.0859,47834.0586,160401.3906,110819.4609,62312.7266,448532.0,161537.3125,245567.375,65530.4063,1327.9048
2016-12-20,217534.1719,215134.25,160194.0938,70180.7344,118764.0625,48006.4336,161602.5469,112149.2891,62834.5391,452113.0625,163902.1875,246705.4688,65530.4063,1322.3292
2016-12-19,212565.125,210407.0313,159271.3125,69832.875,117292.1641,47661.6875,160308.9844,110819.4609,62008.3438,449427.25,163447.3906,245304.7031,65952.6328,1327.9048
2016-12-16,210356.6563,210036.2813,159732.7031,70006.7969,117568.1406,48265.0,159939.4063,110376.1719,61921.3711,450322.5313,162628.7969,244429.2813,67388.2266,1327.9048
2016-12-15,209804.5313,211519.3281,157610.3281,69224.1172,117844.1172,47834.0586,159200.2344,110376.1719,61660.4688,443160.3438,160263.9375,243466.25,64685.9531,1321.3999
2016-12-14,209620.4844,209480.125,158163.9844,68702.3203,117752.1406,47747.875,159477.4063,111706.0156,62095.3086,444503.25,158808.6563,243203.625,64770.3828,1316.7537
2016-12-13,209620.4844,211519.3281,159640.4219,68354.4688,116740.1953,47834.0586,158738.25,110553.4844,62834.5391,444055.625,157171.4531,243203.625,64685.9531,1319.5414
2016-12-12,211460.875,210407.0313,160101.8125,68441.4297,117292.1641,48092.625,157167.5,110730.7969,62312.7266,450322.5313,154988.5156,244516.8125,64854.8281,1291.6639
2016-12-09,211644.9219,210314.3594,159917.25,68963.2188,117568.1406,48695.9375,158276.25,110287.5234,60529.8828,454798.9375,154442.7813,244079.0781,64770.3828,1305.6025
2016-12-08,213577.3438,211519.3281,160009.5313,68702.3203,117200.1563,48782.125,159292.625,111706.0156,60921.2383,457484.6875,155079.4844,243991.5313,64685.9531,1309.3196
2016-12-07,212933.2188,213095.0625,159824.9688,68876.2656,116188.2344,49213.0586,157444.6875,111262.7344,60442.9102,455694.1563,154715.6406,240927.4063,64770.3828,1315.8245
2016-12-06,212197.0469,214485.4219,161024.5938,68354.4688,116372.2266,48351.1875,157075.0781,109755.5859,60616.8516,453008.3438,151896.0156,239439.125,64601.5,1321.3999
2016-12-05,212105.0156,215319.625,160655.4688,68528.3984,116740.1953,48695.9375,157167.5,108869.0234,60486.3984,450322.5313,151441.2344,238913.8281,64517.0469,1320.4707
2016-12-02,211828.9688,216431.9063,161301.4219,69485.0078,116280.2266,49299.25,155873.9219,108337.1016,60008.0742,452113.0625,152714.6094,239876.8594,64517.0469,1315.8245
2016-12-01,211552.9063,218656.4844,160563.2031,69050.1953,116648.2031,49557.8125,155689.1406,108869.0234,60399.4297,454798.9375,153715.1406,239964.4063,64601.5,1310.2489
2016-11-30,213669.3594,219583.375,160932.3125,69224.1172,118028.1094,49126.8711,157537.0781,108869.0234,62008.3438,455694.1563,156625.7344,239264.0469,64770.3828,1298.1686
2016-11-29,210816.75,217544.1875,160194.0938,69485.0078,115544.2734,48954.4961,153748.7969,109312.3125,62182.2773,442265.0313,151986.9688,236550.0781,64770.3828,1290.7345
2016-11-28,210540.6875,215412.3125,158902.2188,69485.0078,114808.3281,49816.3711,151069.2656,108514.4219,61660.4688,439579.2813,153442.2656,235937.2813,65023.7383,1275.8665
2016-11-25,206123.7656,212821.625,154740.5,67571.7891,113888.3828,50592.0586,148297.3594,110198.8672,61703.9492,428835.9688,149076.4063,233573.5156,64517.0469,1277.7251
2016-11-24,204651.4375,213640.875,154921.7813,67397.8516,114624.3359,49299.25,147558.1719,111085.4297,62225.7695,429731.25,147348.2188,235412.0156,65530.4063,1288.876
2016-11-22,203179.125,214824.2344,154740.5,65832.4844,113612.3984,48092.625,146541.8125,109755.5859,61095.1797,423016.6875,146438.6719,234799.1875,65445.9609,1261.9276
2016-11-21,203179.125,212366.4688,155284.375,65919.4453,112692.4609,48006.4336,147281.0,108957.6875,60834.2695,425254.875,147621.0938,234273.9063,66459.3281,1247.0594
2016-11-18,204007.2969,215006.2813,155556.3438,65832.4844,113428.4219,48609.7461,149960.5,108780.3828,61703.9492,427493.0938,147803.0156,232785.6094,65868.1953,1230.333
2016-11-17,205939.7344,215006.2813,156462.8438,65571.5938,115544.2734,48782.125,153471.5938,109489.625,61747.4375,426597.7813,148257.7969,232698.0781,66459.3281,1252.6351
2016-11-16,202535.0,208543.3438,152655.5156,64006.2148,112968.4453,48954.4961,151161.6875,107805.1719,61182.1445,425702.5,147712.0469,233310.8906,65868.1953,1240.5548
2016-11-15,205203.5625,211274.1563,152020.9844,64267.1133,114532.3438,48178.8125,148574.5625,108691.7344,61790.9219,430626.5,146438.6719,230421.8594,64432.6172,1239.6256
2016-11-14,206307.7969,211911.3594,152836.8125,62701.7461,115268.2969,46110.3125,149221.3438,109666.9297,60486.3984,427045.4375,147712.0469,229196.2031,63672.5781,1231.2622
2016-11-11,210448.6719,213822.9219,154105.9219,63223.5352,118304.0938,46110.3125,151993.25,111617.3516,61921.3711,428835.9688,148075.875,229896.5781,64263.7148,1231.2622
2016-11-10,211368.8594,218192.2344,156190.8906,65049.8047,119224.0234,46541.25,154949.9531,111351.3906,62399.7031,427045.4375,147803.0156,229283.7656,64432.6172,1231.2622
2016-11-09,210632.7188,217919.1719,156734.7813,62701.7461,118672.0625,43783.25,154949.9531,110908.125,60834.2695,431074.1563,149440.2031,227970.5625,64010.3789,1208.0308
2016-11-08,211552.9063,216826.8125,155918.9375,64006.2148,119408.0234,44472.7461,154580.375,112060.6328,61095.1797,436445.7813,151896.0156,230509.4219,66290.4297,1229.4037
2016-11-07,214497.5469,216917.8594,156100.25,63223.5352,120051.9688,43697.0625,158091.4531,113479.1328,60616.8516,435998.125,149440.2031,229021.125,66712.6563,1231.2622
2016-11-04,210448.6719,216007.5781,156281.5469,61919.0586,120787.9219,43438.5,157352.2813,112592.5781,60355.9492,433312.3438,148257.7969,228670.9375,67641.5781,1219.1819
2016-11-02,213025.2031,218738.3906,158185.2031,63571.3984,120879.9141,44472.7461,157537.0781,113656.4375,60442.9102,435550.5,150804.5625,229633.9375,67557.125,1235.9086
2016-11-01,214497.5469,218556.3281,158185.2031,63484.4258,120879.9141,44903.6836,159847.0156,113301.8203,61182.1445,439131.625,151805.0625,233048.25,68148.25,1237.7671
2016-10-31,218914.4688,216007.5781,160360.8125,61658.168,120971.9141,43955.6211,157075.0781,112858.5313,61616.9883,442265.0313,153624.1719,231472.4063,68148.25,1223.8284
2016-10-28,215141.6719,215734.5,158819.7656,61919.0586,119040.0391,43783.25,153748.7969,110642.1484,60964.7266,436445.7813,153169.4063,230596.9688,67979.3516,1213.6064
2016-10-27,217350.125,216826.8125,160451.4688,63223.5352,120511.9453,43524.6836,155042.3438,111971.9766,62182.2773,437341.0625,154351.8125,235324.4688,70343.8516,1213.6064
2016-10-26,219650.625,220103.8125,162264.4688,66267.3125,120603.9375,44041.8086,155134.75,112858.5313,61837.8789,440922.1563,154169.9063,235937.2813,70259.4063,1213.6064
2016-10-25,218086.2969,218465.3281,161811.2344,66528.2109,120051.9688,45076.0586,154395.5781,111706.0156,61879.8359,440474.5313,154624.6875,234886.7344,69752.7266,1217.3235
2016-10-24,216798.0313,217099.9063,163080.3438,66789.1016,118580.0703,45334.625,156151.125,112503.9141,62593.0273,443607.9688,153169.4063,236900.2813,69499.3984,1221.9697
2016-10-21,212933.2188,216189.625,162264.4688,67223.9219,118672.0625,45248.4375,153379.2031,112237.9531,62593.0273,438684.0,151532.1875,235587.0781,68908.2578,1215.4648
2016-10-20,216613.9688,219921.7344,162899.0469,67745.7109,118764.0625,46196.5,155504.3438,113124.5,62257.4102,439579.2813,151350.2813,237338.0,68739.3672,1203.3846
2016-10-19,209528.5,225565.4375,161086.0156,67050.0,120787.9219,46799.8125,153748.7969,114631.6484,63138.4023,437788.7188,155625.2031,236024.8281,69077.1641,1202.4553
2016-10-18,207964.1406,225201.3281,159998.2188,66441.2344,120143.9688,46541.25,152917.2188,114277.0234,62970.5977,435550.5,155261.375,233661.0625,69077.1641,1203.3846
2016-10-17,208240.2031,227294.9531,162808.375,66789.1016,120511.9453,46541.25,155966.3125,115695.5156,63641.8359,439131.625,155716.1563,234886.7344,69077.1641,1203.3846
2016-10-14,208424.25,226475.7188,162083.1875,66963.0234,120603.9375,46368.8711,153379.2031,114277.0234,64774.5547,435102.875,154624.6875,232873.1563,68992.7109,1217.3235
2016-10-13,212933.2188,229388.5781,163442.9375,67919.6406,120879.9141,46455.0625,156151.125,114188.375,66242.8906,442265.0313,156534.75,231122.2344,68570.4766,1210.8186
2016-10-12,213945.4063,228296.25,162627.0625,68441.4297,120051.9688,45937.9336,155411.9375,114277.0234,65026.2656,443160.3438,155079.4844,231209.7813,68823.8281,1210.8186
2016-10-11,217166.1094,229843.7031,164168.1406,70528.5859,121339.8828,49557.8125,152824.8281,115252.2344,64774.5547,448532.0,155716.1563,229809.0469,69668.2891,1213.6064
2016-10-07,222595.25,230025.7656,163533.5781,70702.5156,120695.9297,50419.6875,152824.8281,115872.8281,64229.1719,448532.0,156443.7969,230159.2188,70006.0703,1221.0405
2016-10-06,222411.2031,229934.75,163624.2344,70615.5625,120971.9141,50247.3125,153748.7969,117379.9766,63515.9766,444503.25,156716.6563,229283.7656,69330.4922,1212.6771
2016-10-05,224159.5781,229934.75,163170.9844,71659.1406,121431.8828,49557.8125,152732.4375,114897.6094,64061.3594,446293.8125,157444.3125,228320.7656,69414.9531,1218.2527
2016-10-04,226920.1719,230480.9063,165618.5469,69571.9844,122903.7813,49644.0,154395.5781,114986.2734,64061.3594,447636.7188,157899.1094,228758.4844,69499.3984,1235.9086
2016-10-03,227380.2813,231846.3125,166071.8125,69485.0078,124651.6641,49040.6836,154210.7813,116316.1094,63977.457,451217.7813,158899.5938,227970.5625,68232.6953,1236.8379
2016-09-30,230140.8594,233029.6719,167250.2344,69832.875,123823.7266,48609.7461,156151.125,116848.0313,65194.0742,452113.0625,161446.3594,227270.2031,67557.125,1217.3235
2016-09-29,225263.8125,229843.7031,164802.6875,69050.1953,123271.7578,48006.4336,151438.8594,116493.4141,63222.3164,449427.25,161082.5469,227357.75,67557.125,1213.6064
2016-09-28,229588.7344,231391.1563,166706.3594,69398.0547,124099.7031,47230.75,152732.4375,116848.0313,63641.8359,451217.7813,162537.8438,226832.4688,67557.125,1214.5356
2016-09-27,230048.8281,229570.6406,166615.7188,71137.3516,121707.8594,46541.25,151346.4688,116138.7891,64187.2227,450322.5313,162747.0156,226832.4688,67557.125,1209.8894
2016-09-26,228208.4531,228478.2969,165255.9375,72528.7813,121615.875,47058.3711,151254.0781,114011.0469,64480.8867,444055.625,162033.6094,225344.1875,67472.6719,1231.7878
2016-09-23,223607.4531,226293.6563,165074.625,72615.7578,121247.8984,47403.1211,150514.8906,111706.0156,64984.3125,446741.4375,161944.4531,222367.6094,66712.6563,1214.4517
2016-09-21,222871.3125,224655.1406,165255.9375,74615.9453,121155.9063,48265.0,153656.4063,112592.5781,62718.8867,443160.3438,161855.2656,220616.6719,67557.125,1209.8894
2016-09-20,224527.6563,224108.9844,166706.3594,74268.0859,119776.0,48092.625,157537.0781,112503.9141,62005.6953,445846.1563,161587.7344,221054.4063,67388.2266,1236.3501
2016-09-16,226184.0156,227203.9219,165437.25,74355.0469,121891.8516,48609.7461,157259.8906,110642.1484,61418.3516,445846.1563,161052.6719,219741.2188,67557.125,1241.8246
2016-09-15,227840.375,227294.9531,167340.9063,73311.4688,120143.9688,48609.7461,156243.5313,110376.1719,61250.5469,452113.0625,161766.0938,219303.4688,67557.125,1204.4147
2016-09-14,224527.6563,228296.25,166343.75,73920.2344,118672.0625,49299.25,156243.5313,111883.3203,61544.2148,452113.0625,162568.6719,220178.9375,68739.3672,1202.59
2016-09-13,224251.6094,226111.6094,169153.9219,74268.0859,119132.0391,49644.0,155042.3438,115695.5156,61963.7383,453903.6563,164619.7344,219828.7656,68739.3672,1212.6267
2016-09-12,220938.8906,224564.1406,166071.8125,74355.0469,117384.1484,49126.8711,154949.9531,113390.4688,61795.9258,445398.5313,162211.9844,220441.5781,68317.1484,1220.8386
2016-09-09,221767.0781,224746.1875,167340.9063,74442.0234,117568.1406,50850.6211,153471.5938,112060.6328,62425.2109,449427.25,164352.2188,221667.2344,70766.0859,1206.2396
2016-09-08,223147.375,227750.0938,167250.2344,75920.4297,118580.0703,52401.9961,154303.1719,111883.3203,62718.8867,454798.9375,166670.7813,224030.9844,66881.5547,1199.8525
